2TBY5:00916:02154	2	0.0655523	4
2TBY5:02003:01813	1	0.0327761	4
2TBY5:01998:02331	1	0.0327761	4
2TBY5:01979:01230	1	0.0327761	4
2TBY5:01941:02538	1	0.0327761	4
2TBY5:01866:01553	1	0.0327761	4
2TBY5:01850:02902	1	0.0327761	4
2TBY5:01847:00881	1	0.0327761	4
2TBY5:01839:01987	1	0.0327761	4
2TBY5:01821:00889	1	0.0327761	4
2TBY5:01813:02685	1	0.0327761	4
2TBY5:01802:00512	1	0.0327761	4
2TBY5:01735:02934	1	0.0327761	4
2TBY5:01671:01522	1	0.0327761	4
2TBY5:01652:03058	1	0.0327761	4
2TBY5:01642:01892	1	0.0327761	4
2TBY5:01632:02224	1	0.0327761	4
2TBY5:01603:02664	1	0.0327761	4
2TBY5:01557:00667	1	0.0327761	4
2TBY5:01547:02656	1	0.0327761	4
2TBY5:01540:01199	1	0.0327761	4
2TBY5:01515:01043	1	0.0327761	4
2TBY5:01482:02106	1	0.0327761	4
2TBY5:01473:02978	1	0.0327761	4
2TBY5:01408:01111	1	0.0327761	4
2TBY5:01337:02556	1	0.0327761	4
2TBY5:01234:01112	1	0.0327761	4
2TBY5:01208:02882	1	0.0327761	4
2TBY5:01205:03057	1	0.0327761	4
2TBY5:01202:01965	1	0.0327761	4
2TBY5:01149:01002	1	0.0327761	4
2TBY5:01130:02151	1	0.0327761	4
2TBY5:01044:02210	1	0.0327761	4
2TBY5:00947:01278	1	0.0327761	4
2TBY5:00919:01105	1	0.0327761	4
2TBY5:00879:02477	1	0.0327761	4
2TBY5:00845:02389	1	0.0327761	4
2TBY5:00845:00957	1	0.0327761	4
2TBY5:00834:01397	1	0.0327761	4
2TBY5:00815:03243	1	0.0327761	4
2TBY5:00781:01946	1	0.0327761	4
2TBY5:00776:02843	1	0.0327761	4
2TBY5:00768:02067	1	0.0327761	4
2TBY5:00734:02829	1	0.0327761	4
2TBY5:00700:01425	1	0.0327761	4
2TBY5:00614:01009	1	0.0327761	4
2TBY5:00598:02204	1	0.0327761	4
2TBY5:00596:01625	1	0.0327761	4
2TBY5:00585:02852	1	0.0327761	4
2TBY5:00572:02371	1	0.0327761	4
2TBY5:00489:02385	1	0.0327761	4
2TBY5:00441:01506	1	0.0327761	4
2TBY5:00436:02857	1	0.0327761	4
2TBY5:00436:02823	1	0.0327761	4
2TBY5:00382:02439	1	0.0327761	4
2TBY5:00360:02586	1	0.0327761	4
2TBY5:00319:02137	1	0.0327761	4
2TBY5:00296:02145	1	0.0327761	4
2TBY5:00292:02411	1	0.0327761	4
2TBY5:00251:01604	1	0.0327761	4
2TBY5:00242:01300	1	0.0327761	4
2TBY5:00199:01823	1	0.0327761	4
2TBY5:00134:00571	1	0.0327761	4
2TBY5:00105:01937	1	0.0327761	4
2TBY5:00027:01877	1	0.0327761	4
