SPIKE:78	57	1.86824	6
SPIKE:30	45	1.47493	6
SPIKE:158	33	1.08161	6
SPIKE:1	28	0.917732	6
SPIKE:389	25	0.819403	6
SPIKE:298	24	0.786627	6
SPIKE:264	19	0.622747	6
SPIKE:283	15	0.491642	6
SPIKE:251	12	0.393314	6
SPIKE:379	10	0.327761	6
SPIKE:363	10	0.327761	6
SPIKE:208	10	0.327761	6
SPIKE:197	7	0.229433	6
SPIKE:244	4	0.131105	6
SPIKE:423	2	0.0655523	6
SPIKE:418	2	0.0655523	6
SPIKE:415	2	0.0655523	6
SPIKE:321	2	0.0655523	6
SPIKE:188	2	0.0655523	6
2TBY5:01899:01185	2	0.0655523	6
2TBY5:01704:00674	2	0.0655523	6
2TBY5:01594:01898	2	0.0655523	6
2TBY5:01563:02414	2	0.0655523	6
2TBY5:01537:01048	2	0.0655523	6
2TBY5:01536:01327	2	0.0655523	6
2TBY5:01451:01017	2	0.0655523	6
2TBY5:01425:01892	2	0.0655523	6
2TBY5:01410:00694	2	0.0655523	6
2TBY5:01314:01099	2	0.0655523	6
2TBY5:01275:02527	2	0.0655523	6
2TBY5:01262:01642	2	0.0655523	6
2TBY5:01225:02633	2	0.0655523	6
2TBY5:01143:01072	2	0.0655523	6
2TBY5:00993:01911	2	0.0655523	6
2TBY5:00865:03078	2	0.0655523	6
2TBY5:00841:01394	2	0.0655523	6
2TBY5:00770:03171	2	0.0655523	6
2TBY5:00719:01031	2	0.0655523	6
2TBY5:00690:01661	2	0.0655523	6
2TBY5:00659:02430	2	0.0655523	6
2TBY5:00647:02531	2	0.0655523	6
2TBY5:00647:01819	2	0.0655523	6
2TBY5:00612:01961	2	0.0655523	6
2TBY5:00571:01642	2	0.0655523	6
2TBY5:00554:01363	2	0.0655523	6
2TBY5:00518:02485	2	0.0655523	6
2TBY5:00499:01941	2	0.0655523	6
2TBY5:00474:02621	2	0.0655523	6
2TBY5:00437:02950	2	0.0655523	6
2TBY5:00418:01398	2	0.0655523	6
2TBY5:00411:01099	2	0.0655523	6
2TBY5:00374:02514	2	0.0655523	6
2TBY5:00315:02559	2	0.0655523	6
2TBY5:00252:01938	2	0.0655523	6
2TBY5:00196:01098	2	0.0655523	6
2TBY5:00072:01479	2	0.0655523	6
2TBY5:00057:00476	2	0.0655523	6
2TBY5:00048:02164	2	0.0655523	6
SPIKE:77	1	0.0327761	6
SPIKE:60	1	0.0327761	6
SPIKE:433	1	0.0327761	6
SPIKE:431	1	0.0327761	6
SPIKE:429	1	0.0327761	6
SPIKE:428	1	0.0327761	6
SPIKE:425	1	0.0327761	6
SPIKE:424	1	0.0327761	6
SPIKE:422	1	0.0327761	6
SPIKE:421	1	0.0327761	6
SPIKE:419	1	0.0327761	6
SPIKE:417	1	0.0327761	6
SPIKE:416	1	0.0327761	6
SPIKE:414	1	0.0327761	6
SPIKE:413	1	0.0327761	6
SPIKE:412	1	0.0327761	6
SPIKE:39	1	0.0327761	6
SPIKE:378	1	0.0327761	6
SPIKE:377	1	0.0327761	6
SPIKE:376	1	0.0327761	6
SPIKE:375	1	0.0327761	6
SPIKE:374	1	0.0327761	6
SPIKE:368	1	0.0327761	6
SPIKE:338	1	0.0327761	6
SPIKE:337	1	0.0327761	6
SPIKE:334	1	0.0327761	6
SPIKE:333	1	0.0327761	6
SPIKE:332	1	0.0327761	6
SPIKE:331	1	0.0327761	6
SPIKE:330	1	0.0327761	6
SPIKE:328	1	0.0327761	6
SPIKE:327	1	0.0327761	6
SPIKE:326	1	0.0327761	6
SPIKE:325	1	0.0327761	6
SPIKE:324	1	0.0327761	6
SPIKE:322	1	0.0327761	6
SPIKE:320	1	0.0327761	6
SPIKE:319	1	0.0327761	6
SPIKE:243	1	0.0327761	6
SPIKE:242	1	0.0327761	6
SPIKE:241	1	0.0327761	6
SPIKE:240	1	0.0327761	6
SPIKE:239	1	0.0327761	6
SPIKE:238	1	0.0327761	6
SPIKE:237	1	0.0327761	6
SPIKE:236	1	0.0327761	6
SPIKE:235	1	0.0327761	6
SPIKE:234	1	0.0327761	6
SPIKE:233	1	0.0327761	6
SPIKE:232	1	0.0327761	6
SPIKE:231	1	0.0327761	6
SPIKE:230	1	0.0327761	6
SPIKE:229	1	0.0327761	6
SPIKE:228	1	0.0327761	6
SPIKE:227	1	0.0327761	6
SPIKE:225	1	0.0327761	6
SPIKE:224	1	0.0327761	6
SPIKE:223	1	0.0327761	6
SPIKE:221	1	0.0327761	6
SPIKE:220	1	0.0327761	6
SPIKE:219	1	0.0327761	6
SPIKE:218	1	0.0327761	6
SPIKE:207	1	0.0327761	6
SPIKE:206	1	0.0327761	6
SPIKE:205	1	0.0327761	6
SPIKE:195	1	0.0327761	6
SPIKE:194	1	0.0327761	6
SPIKE:191	1	0.0327761	6
SPIKE:190	1	0.0327761	6
SPIKE:189	1	0.0327761	6
SPIKE:186	1	0.0327761	6
SPIKE:185	1	0.0327761	6
SPIKE:184	1	0.0327761	6
SPIKE:183	1	0.0327761	6
SPIKE:182	1	0.0327761	6
SPIKE:180	1	0.0327761	6
SPIKE:17	1	0.0327761	6
SPIKE:157	1	0.0327761	6
SPIKE:156	1	0.0327761	6
SPIKE:153	1	0.0327761	6
SPIKE:152	1	0.0327761	6
SPIKE:150	1	0.0327761	6
SPIKE:149	1	0.0327761	6
SPIKE:146	1	0.0327761	6
SPIKE:143	1	0.0327761	6
SPIKE:142	1	0.0327761	6
SPIKE:141	1	0.0327761	6
SPIKE:140	1	0.0327761	6
SPIKE:136	1	0.0327761	6
SPIKE:135	1	0.0327761	6
SPIKE:134	1	0.0327761	6
SPIKE:131	1	0.0327761	6
SPIKE:123	1	0.0327761	6
SPIKE:122	1	0.0327761	6
SPIKE:118	1	0.0327761	6
SPIKE:113	1	0.0327761	6
SPIKE:110	1	0.0327761	6
SPIKE:109	1	0.0327761	6
SPIKE:107	1	0.0327761	6
SPIKE:106	1	0.0327761	6
2TBY5:02115:03300	1	0.0327761	6
2TBY5:02114:02973	1	0.0327761	6
2TBY5:02112:02415	1	0.0327761	6
2TBY5:02112:02341	1	0.0327761	6
2TBY5:02111:01474	1	0.0327761	6
2TBY5:02107:02115	1	0.0327761	6
2TBY5:02106:01476	1	0.0327761	6
2TBY5:02103:01355	1	0.0327761	6
2TBY5:02100:01793	1	0.0327761	6
2TBY5:02099:01743	1	0.0327761	6
2TBY5:02097:02202	1	0.0327761	6
2TBY5:02095:02281	1	0.0327761	6
2TBY5:02087:02800	1	0.0327761	6
2TBY5:02084:01949	1	0.0327761	6
2TBY5:02084:01510	1	0.0327761	6
2TBY5:02082:02300	1	0.0327761	6
2TBY5:02078:03380	1	0.0327761	6
2TBY5:02074:01511	1	0.0327761	6
2TBY5:02069:02232	1	0.0327761	6
2TBY5:02064:02048	1	0.0327761	6
2TBY5:02064:01010	1	0.0327761	6
2TBY5:02061:01432	1	0.0327761	6
2TBY5:02059:01571	1	0.0327761	6
2TBY5:02045:01443	1	0.0327761	6
2TBY5:02043:02235	1	0.0327761	6
2TBY5:02038:01370	1	0.0327761	6
2TBY5:02037:01040	1	0.0327761	6
2TBY5:02031:02885	1	0.0327761	6
2TBY5:02027:02849	1	0.0327761	6
2TBY5:02025:02319	1	0.0327761	6
2TBY5:02017:02187	1	0.0327761	6
2TBY5:02017:01221	1	0.0327761	6
2TBY5:02014:03220	1	0.0327761	6
2TBY5:02014:02977	1	0.0327761	6
2TBY5:02014:02010	1	0.0327761	6
2TBY5:02012:02922	1	0.0327761	6
2TBY5:02010:01677	1	0.0327761	6
2TBY5:02006:02159	1	0.0327761	6
2TBY5:02005:02747	1	0.0327761	6
2TBY5:02005:00928	1	0.0327761	6
2TBY5:02003:01927	1	0.0327761	6
2TBY5:02002:02502	1	0.0327761	6
2TBY5:02002:00972	1	0.0327761	6
2TBY5:02000:02751	1	0.0327761	6
2TBY5:01998:01879	1	0.0327761	6
2TBY5:01996:03159	1	0.0327761	6
2TBY5:01993:02205	1	0.0327761	6
2TBY5:01991:02095	1	0.0327761	6
2TBY5:01991:01271	1	0.0327761	6
2TBY5:01990:01589	1	0.0327761	6
2TBY5:01990:00897	1	0.0327761	6
2TBY5:01988:01922	1	0.0327761	6
2TBY5:01987:01334	1	0.0327761	6
2TBY5:01986:01895	1	0.0327761	6
2TBY5:01981:01540	1	0.0327761	6
2TBY5:01979:02083	1	0.0327761	6
2TBY5:01979:01653	1	0.0327761	6
2TBY5:01973:01350	1	0.0327761	6
2TBY5:01971:02033	1	0.0327761	6
2TBY5:01970:01422	1	0.0327761	6
2TBY5:01963:02315	1	0.0327761	6
2TBY5:01960:02296	1	0.0327761	6
2TBY5:01960:00867	1	0.0327761	6
2TBY5:01959:03334	1	0.0327761	6
2TBY5:01957:02134	1	0.0327761	6
2TBY5:01955:01223	1	0.0327761	6
2TBY5:01954:00737	1	0.0327761	6
2TBY5:01952:02449	1	0.0327761	6
2TBY5:01950:00948	1	0.0327761	6
2TBY5:01949:01549	1	0.0327761	6
2TBY5:01947:01247	1	0.0327761	6
2TBY5:01944:02392	1	0.0327761	6
2TBY5:01942:03200	1	0.0327761	6
2TBY5:01939:00929	1	0.0327761	6
2TBY5:01937:00943	1	0.0327761	6
2TBY5:01935:01819	1	0.0327761	6
2TBY5:01929:02323	1	0.0327761	6
2TBY5:01923:02581	1	0.0327761	6
2TBY5:01923:01027	1	0.0327761	6
2TBY5:01921:03369	1	0.0327761	6
2TBY5:01919:01894	1	0.0327761	6
2TBY5:01918:01375	1	0.0327761	6
2TBY5:01916:01005	1	0.0327761	6
2TBY5:01914:01397	1	0.0327761	6
2TBY5:01911:02087	1	0.0327761	6
2TBY5:01908:01716	1	0.0327761	6
2TBY5:01899:02873	1	0.0327761	6
2TBY5:01898:01424	1	0.0327761	6
2TBY5:01894:00980	1	0.0327761	6
2TBY5:01893:03329	1	0.0327761	6
2TBY5:01892:02161	1	0.0327761	6
2TBY5:01891:02951	1	0.0327761	6
2TBY5:01889:01186	1	0.0327761	6
2TBY5:01886:01862	1	0.0327761	6
2TBY5:01885:01046	1	0.0327761	6
2TBY5:01884:01010	1	0.0327761	6
2TBY5:01882:02386	1	0.0327761	6
2TBY5:01882:02195	1	0.0327761	6
2TBY5:01882:01058	1	0.0327761	6
2TBY5:01880:03204	1	0.0327761	6
2TBY5:01878:00649	1	0.0327761	6
2TBY5:01875:02586	1	0.0327761	6
2TBY5:01875:02338	1	0.0327761	6
2TBY5:01875:00711	1	0.0327761	6
2TBY5:01872:02964	1	0.0327761	6
2TBY5:01872:02082	1	0.0327761	6
2TBY5:01872:01935	1	0.0327761	6
2TBY5:01871:02061	1	0.0327761	6
2TBY5:01871:00925	1	0.0327761	6
2TBY5:01870:03275	1	0.0327761	6
2TBY5:01868:01514	1	0.0327761	6
2TBY5:01866:02787	1	0.0327761	6
2TBY5:01865:01954	1	0.0327761	6
2TBY5:01864:01522	1	0.0327761	6
2TBY5:01863:02908	1	0.0327761	6
2TBY5:01863:01840	1	0.0327761	6
2TBY5:01861:02513	1	0.0327761	6
2TBY5:01860:02042	1	0.0327761	6
2TBY5:01859:01966	1	0.0327761	6
2TBY5:01859:01929	1	0.0327761	6
2TBY5:01859:01614	1	0.0327761	6
2TBY5:01853:02874	1	0.0327761	6
2TBY5:01853:02168	1	0.0327761	6
2TBY5:01853:02120	1	0.0327761	6
2TBY5:01853:01376	1	0.0327761	6
2TBY5:01849:01212	1	0.0327761	6
2TBY5:01849:00863	1	0.0327761	6
2TBY5:01847:03284	1	0.0327761	6
2TBY5:01842:01183	1	0.0327761	6
2TBY5:01839:02377	1	0.0327761	6
2TBY5:01838:01674	1	0.0327761	6
2TBY5:01837:02401	1	0.0327761	6
2TBY5:01833:01773	1	0.0327761	6
2TBY5:01830:02410	1	0.0327761	6
2TBY5:01830:01149	1	0.0327761	6
2TBY5:01829:01061	1	0.0327761	6
2TBY5:01829:00937	1	0.0327761	6
2TBY5:01827:02681	1	0.0327761	6
2TBY5:01827:00662	1	0.0327761	6
2TBY5:01825:00628	1	0.0327761	6
2TBY5:01822:02726	1	0.0327761	6
2TBY5:01820:00790	1	0.0327761	6
2TBY5:01818:01602	1	0.0327761	6
2TBY5:01818:01108	1	0.0327761	6
2TBY5:01808:02337	1	0.0327761	6
2TBY5:01808:01307	1	0.0327761	6
2TBY5:01808:01213	1	0.0327761	6
2TBY5:01805:01515	1	0.0327761	6
2TBY5:01800:01833	1	0.0327761	6
2TBY5:01796:01484	1	0.0327761	6
2TBY5:01795:02657	1	0.0327761	6
2TBY5:01794:01477	1	0.0327761	6
2TBY5:01793:01389	1	0.0327761	6
2TBY5:01792:01987	1	0.0327761	6
2TBY5:01791:03197	1	0.0327761	6
2TBY5:01786:02513	1	0.0327761	6
2TBY5:01784:01427	1	0.0327761	6
2TBY5:01781:02117	1	0.0327761	6
2TBY5:01780:00664	1	0.0327761	6
2TBY5:01779:01751	1	0.0327761	6
2TBY5:01773:02020	1	0.0327761	6
2TBY5:01769:02493	1	0.0327761	6
2TBY5:01767:02493	1	0.0327761	6
2TBY5:01764:02123	1	0.0327761	6
2TBY5:01764:01781	1	0.0327761	6
2TBY5:01761:00464	1	0.0327761	6
2TBY5:01760:01848	1	0.0327761	6
2TBY5:01759:01457	1	0.0327761	6
2TBY5:01757:02278	1	0.0327761	6
2TBY5:01757:00885	1	0.0327761	6
2TBY5:01754:02533	1	0.0327761	6
2TBY5:01752:02701	1	0.0327761	6
2TBY5:01752:00528	1	0.0327761	6
2TBY5:01749:01441	1	0.0327761	6
2TBY5:01746:02221	1	0.0327761	6
2TBY5:01744:02978	1	0.0327761	6
2TBY5:01744:02142	1	0.0327761	6
2TBY5:01742:00555	1	0.0327761	6
2TBY5:01738:03315	1	0.0327761	6
2TBY5:01734:01907	1	0.0327761	6
2TBY5:01732:02191	1	0.0327761	6
2TBY5:01728:01331	1	0.0327761	6
2TBY5:01727:02244	1	0.0327761	6
2TBY5:01727:02018	1	0.0327761	6
2TBY5:01724:00986	1	0.0327761	6
2TBY5:01723:01766	1	0.0327761	6
2TBY5:01718:01727	1	0.0327761	6
2TBY5:01714:02315	1	0.0327761	6
2TBY5:01708:03232	1	0.0327761	6
2TBY5:01708:01241	1	0.0327761	6
2TBY5:01707:02651	1	0.0327761	6
2TBY5:01704:02540	1	0.0327761	6
2TBY5:01704:01536	1	0.0327761	6
2TBY5:01701:01404	1	0.0327761	6
2TBY5:01699:01009	1	0.0327761	6
2TBY5:01695:02401	1	0.0327761	6
2TBY5:01695:00619	1	0.0327761	6
2TBY5:01695:00587	1	0.0327761	6
2TBY5:01692:01298	1	0.0327761	6
2TBY5:01692:01015	1	0.0327761	6
2TBY5:01690:02410	1	0.0327761	6
2TBY5:01688:01686	1	0.0327761	6
2TBY5:01688:01674	1	0.0327761	6
2TBY5:01686:01347	1	0.0327761	6
2TBY5:01684:02361	1	0.0327761	6
2TBY5:01682:01616	1	0.0327761	6
2TBY5:01681:02566	1	0.0327761	6
2TBY5:01680:03323	1	0.0327761	6
2TBY5:01677:00950	1	0.0327761	6
2TBY5:01676:01701	1	0.0327761	6
2TBY5:01674:02457	1	0.0327761	6
2TBY5:01674:00964	1	0.0327761	6
2TBY5:01671:02517	1	0.0327761	6
2TBY5:01670:01169	1	0.0327761	6
2TBY5:01669:02222	1	0.0327761	6
2TBY5:01668:03005	1	0.0327761	6
2TBY5:01667:02551	1	0.0327761	6
2TBY5:01664:02000	1	0.0327761	6
2TBY5:01663:01082	1	0.0327761	6
2TBY5:01659:02671	1	0.0327761	6
2TBY5:01649:01117	1	0.0327761	6
2TBY5:01647:01413	1	0.0327761	6
2TBY5:01646:02365	1	0.0327761	6
2TBY5:01646:00883	1	0.0327761	6
2TBY5:01646:00752	1	0.0327761	6
2TBY5:01639:03196	1	0.0327761	6
2TBY5:01639:02512	1	0.0327761	6
2TBY5:01638:02200	1	0.0327761	6
2TBY5:01628:02696	1	0.0327761	6
2TBY5:01628:01248	1	0.0327761	6
2TBY5:01627:00737	1	0.0327761	6
2TBY5:01625:01674	1	0.0327761	6
2TBY5:01625:00691	1	0.0327761	6
2TBY5:01618:03337	1	0.0327761	6
2TBY5:01618:00884	1	0.0327761	6
2TBY5:01615:00408	1	0.0327761	6
2TBY5:01613:00948	1	0.0327761	6
2TBY5:01612:02708	1	0.0327761	6
2TBY5:01612:02514	1	0.0327761	6
2TBY5:01612:00916	1	0.0327761	6
2TBY5:01610:00509	1	0.0327761	6
2TBY5:01609:01595	1	0.0327761	6
2TBY5:01609:00428	1	0.0327761	6
2TBY5:01608:01079	1	0.0327761	6
2TBY5:01608:00589	1	0.0327761	6
2TBY5:01606:03030	1	0.0327761	6
2TBY5:01606:02643	1	0.0327761	6
2TBY5:01604:01480	1	0.0327761	6
2TBY5:01599:02191	1	0.0327761	6
2TBY5:01598:01081	1	0.0327761	6
2TBY5:01598:00766	1	0.0327761	6
2TBY5:01596:02444	1	0.0327761	6
2TBY5:01595:02555	1	0.0327761	6
2TBY5:01586:02568	1	0.0327761	6
2TBY5:01585:01133	1	0.0327761	6
2TBY5:01579:02198	1	0.0327761	6
2TBY5:01577:01166	1	0.0327761	6
2TBY5:01576:02170	1	0.0327761	6
2TBY5:01575:01114	1	0.0327761	6
2TBY5:01572:01262	1	0.0327761	6
2TBY5:01567:02945	1	0.0327761	6
2TBY5:01565:00739	1	0.0327761	6
2TBY5:01564:00625	1	0.0327761	6
2TBY5:01563:01235	1	0.0327761	6
2TBY5:01561:01693	1	0.0327761	6
2TBY5:01555:02095	1	0.0327761	6
2TBY5:01555:01490	1	0.0327761	6
2TBY5:01554:01495	1	0.0327761	6
2TBY5:01554:00741	1	0.0327761	6
2TBY5:01553:01704	1	0.0327761	6
2TBY5:01550:03070	1	0.0327761	6
2TBY5:01550:02548	1	0.0327761	6
2TBY5:01549:02084	1	0.0327761	6
2TBY5:01548:00503	1	0.0327761	6
2TBY5:01545:00911	1	0.0327761	6
2TBY5:01542:02733	1	0.0327761	6
2TBY5:01541:01498	1	0.0327761	6
2TBY5:01538:02285	1	0.0327761	6
2TBY5:01538:01525	1	0.0327761	6
2TBY5:01535:00899	1	0.0327761	6
2TBY5:01534:02160	1	0.0327761	6
2TBY5:01533:02971	1	0.0327761	6
2TBY5:01529:02038	1	0.0327761	6
2TBY5:01529:01084	1	0.0327761	6
2TBY5:01526:02248	1	0.0327761	6
2TBY5:01525:01856	1	0.0327761	6
2TBY5:01519:02879	1	0.0327761	6
2TBY5:01516:00784	1	0.0327761	6
2TBY5:01515:02135	1	0.0327761	6
2TBY5:01514:02209	1	0.0327761	6
2TBY5:01513:02552	1	0.0327761	6
2TBY5:01512:01841	1	0.0327761	6
2TBY5:01510:01495	1	0.0327761	6
2TBY5:01509:02244	1	0.0327761	6
2TBY5:01509:01082	1	0.0327761	6
2TBY5:01507:01841	1	0.0327761	6
2TBY5:01504:03249	1	0.0327761	6
2TBY5:01500:02904	1	0.0327761	6
2TBY5:01500:02886	1	0.0327761	6
2TBY5:01497:00743	1	0.0327761	6
2TBY5:01487:02193	1	0.0327761	6
2TBY5:01486:00935	1	0.0327761	6
2TBY5:01485:02390	1	0.0327761	6
2TBY5:01484:00975	1	0.0327761	6
2TBY5:01481:02002	1	0.0327761	6
2TBY5:01474:02381	1	0.0327761	6
2TBY5:01472:02430	1	0.0327761	6
2TBY5:01472:01526	1	0.0327761	6
2TBY5:01471:02280	1	0.0327761	6
2TBY5:01464:02008	1	0.0327761	6
2TBY5:01462:01418	1	0.0327761	6
2TBY5:01461:01838	1	0.0327761	6
2TBY5:01458:01121	1	0.0327761	6
2TBY5:01458:00633	1	0.0327761	6
2TBY5:01455:02590	1	0.0327761	6
2TBY5:01453:02702	1	0.0327761	6
2TBY5:01453:02203	1	0.0327761	6
2TBY5:01452:01999	1	0.0327761	6
2TBY5:01452:00831	1	0.0327761	6
2TBY5:01446:02258	1	0.0327761	6
2TBY5:01443:02934	1	0.0327761	6
2TBY5:01440:02231	1	0.0327761	6
2TBY5:01438:01324	1	0.0327761	6
2TBY5:01436:03192	1	0.0327761	6
2TBY5:01433:01489	1	0.0327761	6
2TBY5:01430:01024	1	0.0327761	6
2TBY5:01423:01195	1	0.0327761	6
2TBY5:01421:02239	1	0.0327761	6
2TBY5:01420:02349	1	0.0327761	6
2TBY5:01420:01254	1	0.0327761	6
2TBY5:01419:01906	1	0.0327761	6
2TBY5:01419:01821	1	0.0327761	6
2TBY5:01418:01004	1	0.0327761	6
2TBY5:01417:02225	1	0.0327761	6
2TBY5:01415:03322	1	0.0327761	6
2TBY5:01415:02221	1	0.0327761	6
2TBY5:01414:00629	1	0.0327761	6
2TBY5:01410:01735	1	0.0327761	6
2TBY5:01409:00956	1	0.0327761	6
2TBY5:01407:01929	1	0.0327761	6
2TBY5:01401:03201	1	0.0327761	6
2TBY5:01401:01326	1	0.0327761	6
2TBY5:01401:00831	1	0.0327761	6
2TBY5:01400:02674	1	0.0327761	6
2TBY5:01397:02658	1	0.0327761	6
2TBY5:01396:01231	1	0.0327761	6
2TBY5:01396:01089	1	0.0327761	6
2TBY5:01394:01475	1	0.0327761	6
2TBY5:01393:02198	1	0.0327761	6
2TBY5:01392:02644	1	0.0327761	6
2TBY5:01391:03049	1	0.0327761	6
2TBY5:01391:01826	1	0.0327761	6
2TBY5:01387:01264	1	0.0327761	6
2TBY5:01384:01643	1	0.0327761	6
2TBY5:01382:01641	1	0.0327761	6
2TBY5:01381:02812	1	0.0327761	6
2TBY5:01379:02259	1	0.0327761	6
2TBY5:01374:02460	1	0.0327761	6
2TBY5:01374:01591	1	0.0327761	6
2TBY5:01372:02801	1	0.0327761	6
2TBY5:01370:02002	1	0.0327761	6
2TBY5:01365:03159	1	0.0327761	6
2TBY5:01364:03370	1	0.0327761	6
2TBY5:01360:00843	1	0.0327761	6
2TBY5:01359:02832	1	0.0327761	6
2TBY5:01357:01205	1	0.0327761	6
2TBY5:01356:00829	1	0.0327761	6
2TBY5:01354:02377	1	0.0327761	6
2TBY5:01352:01494	1	0.0327761	6
2TBY5:01352:01315	1	0.0327761	6
2TBY5:01348:01098	1	0.0327761	6
2TBY5:01346:01025	1	0.0327761	6
2TBY5:01345:01353	1	0.0327761	6
2TBY5:01344:01791	1	0.0327761	6
2TBY5:01344:01315	1	0.0327761	6
2TBY5:01342:02745	1	0.0327761	6
2TBY5:01341:03373	1	0.0327761	6
2TBY5:01339:03121	1	0.0327761	6
2TBY5:01339:01142	1	0.0327761	6
2TBY5:01337:00955	1	0.0327761	6
2TBY5:01335:02597	1	0.0327761	6
2TBY5:01335:01106	1	0.0327761	6
2TBY5:01334:00844	1	0.0327761	6
2TBY5:01333:02343	1	0.0327761	6
2TBY5:01332:01216	1	0.0327761	6
2TBY5:01330:00933	1	0.0327761	6
2TBY5:01330:00849	1	0.0327761	6
2TBY5:01321:02775	1	0.0327761	6
2TBY5:01321:01315	1	0.0327761	6
2TBY5:01320:02558	1	0.0327761	6
2TBY5:01320:01595	1	0.0327761	6
2TBY5:01317:00799	1	0.0327761	6
2TBY5:01315:00750	1	0.0327761	6
2TBY5:01312:03007	1	0.0327761	6
2TBY5:01308:01322	1	0.0327761	6
2TBY5:01303:02459	1	0.0327761	6
2TBY5:01303:02307	1	0.0327761	6
2TBY5:01303:02121	1	0.0327761	6
2TBY5:01299:01961	1	0.0327761	6
2TBY5:01298:01519	1	0.0327761	6
2TBY5:01298:00975	1	0.0327761	6
2TBY5:01297:01297	1	0.0327761	6
2TBY5:01294:02136	1	0.0327761	6
2TBY5:01294:01905	1	0.0327761	6
2TBY5:01290:02929	1	0.0327761	6
2TBY5:01289:00827	1	0.0327761	6
2TBY5:01288:01132	1	0.0327761	6
2TBY5:01284:02408	1	0.0327761	6
2TBY5:01284:01921	1	0.0327761	6
2TBY5:01282:02659	1	0.0327761	6
2TBY5:01282:01298	1	0.0327761	6
2TBY5:01281:02786	1	0.0327761	6
2TBY5:01280:00952	1	0.0327761	6
2TBY5:01278:01294	1	0.0327761	6
2TBY5:01277:01069	1	0.0327761	6
2TBY5:01276:00899	1	0.0327761	6
2TBY5:01275:00801	1	0.0327761	6
2TBY5:01274:00967	1	0.0327761	6
2TBY5:01270:02183	1	0.0327761	6
2TBY5:01266:02628	1	0.0327761	6
2TBY5:01264:01448	1	0.0327761	6
2TBY5:01264:01299	1	0.0327761	6
2TBY5:01261:02747	1	0.0327761	6
2TBY5:01259:02251	1	0.0327761	6
2TBY5:01254:03196	1	0.0327761	6
2TBY5:01254:03050	1	0.0327761	6
2TBY5:01254:02849	1	0.0327761	6
2TBY5:01254:01064	1	0.0327761	6
2TBY5:01250:03223	1	0.0327761	6
2TBY5:01243:02855	1	0.0327761	6
2TBY5:01243:02558	1	0.0327761	6
2TBY5:01242:02261	1	0.0327761	6
2TBY5:01242:01475	1	0.0327761	6
2TBY5:01240:01687	1	0.0327761	6
2TBY5:01238:01485	1	0.0327761	6
2TBY5:01231:02699	1	0.0327761	6
2TBY5:01231:02372	1	0.0327761	6
2TBY5:01231:01356	1	0.0327761	6
2TBY5:01228:03313	1	0.0327761	6
2TBY5:01228:01327	1	0.0327761	6
2TBY5:01227:02242	1	0.0327761	6
2TBY5:01225:01598	1	0.0327761	6
2TBY5:01225:01404	1	0.0327761	6
2TBY5:01223:01956	1	0.0327761	6
2TBY5:01222:02807	1	0.0327761	6
2TBY5:01220:02039	1	0.0327761	6
2TBY5:01219:02310	1	0.0327761	6
2TBY5:01217:01512	1	0.0327761	6
2TBY5:01216:01565	1	0.0327761	6
2TBY5:01213:02745	1	0.0327761	6
2TBY5:01212:01386	1	0.0327761	6
2TBY5:01210:02953	1	0.0327761	6
2TBY5:01209:02032	1	0.0327761	6
2TBY5:01208:02829	1	0.0327761	6
2TBY5:01208:01574	1	0.0327761	6
2TBY5:01208:01025	1	0.0327761	6
2TBY5:01205:01651	1	0.0327761	6
2TBY5:01201:01710	1	0.0327761	6
2TBY5:01200:01983	1	0.0327761	6
2TBY5:01198:02900	1	0.0327761	6
2TBY5:01197:02772	1	0.0327761	6
2TBY5:01195:01536	1	0.0327761	6
2TBY5:01194:02398	1	0.0327761	6
2TBY5:01194:01171	1	0.0327761	6
2TBY5:01190:01019	1	0.0327761	6
2TBY5:01188:02967	1	0.0327761	6
2TBY5:01188:02129	1	0.0327761	6
2TBY5:01187:03248	1	0.0327761	6
2TBY5:01183:02949	1	0.0327761	6
2TBY5:01182:01872	1	0.0327761	6
2TBY5:01181:02391	1	0.0327761	6
2TBY5:01181:01025	1	0.0327761	6
2TBY5:01180:01980	1	0.0327761	6
2TBY5:01178:02758	1	0.0327761	6
2TBY5:01177:01211	1	0.0327761	6
2TBY5:01176:03362	1	0.0327761	6
2TBY5:01170:01796	1	0.0327761	6
2TBY5:01169:02333	1	0.0327761	6
2TBY5:01165:02529	1	0.0327761	6
2TBY5:01164:02757	1	0.0327761	6
2TBY5:01164:01127	1	0.0327761	6
2TBY5:01163:01968	1	0.0327761	6
2TBY5:01162:01040	1	0.0327761	6
2TBY5:01161:02489	1	0.0327761	6
2TBY5:01161:01843	1	0.0327761	6
2TBY5:01160:01464	1	0.0327761	6
2TBY5:01159:01855	1	0.0327761	6
2TBY5:01159:00946	1	0.0327761	6
2TBY5:01156:03245	1	0.0327761	6
2TBY5:01156:01523	1	0.0327761	6
2TBY5:01154:02739	1	0.0327761	6
2TBY5:01153:02769	1	0.0327761	6
2TBY5:01152:02933	1	0.0327761	6
2TBY5:01150:01087	1	0.0327761	6
2TBY5:01145:02706	1	0.0327761	6
2TBY5:01143:02626	1	0.0327761	6
2TBY5:01141:02536	1	0.0327761	6
2TBY5:01139:02485	1	0.0327761	6
2TBY5:01137:00970	1	0.0327761	6
2TBY5:01134:01467	1	0.0327761	6
2TBY5:01134:01457	1	0.0327761	6
2TBY5:01132:01266	1	0.0327761	6
2TBY5:01129:02987	1	0.0327761	6
2TBY5:01129:01145	1	0.0327761	6
2TBY5:01127:03066	1	0.0327761	6
2TBY5:01127:01088	1	0.0327761	6
2TBY5:01126:02425	1	0.0327761	6
2TBY5:01126:01377	1	0.0327761	6
2TBY5:01126:01002	1	0.0327761	6
2TBY5:01123:01040	1	0.0327761	6
2TBY5:01121:01721	1	0.0327761	6
2TBY5:01119:01695	1	0.0327761	6
2TBY5:01117:01020	1	0.0327761	6
2TBY5:01113:01441	1	0.0327761	6
2TBY5:01110:02058	1	0.0327761	6
2TBY5:01110:01855	1	0.0327761	6
2TBY5:01105:01939	1	0.0327761	6
2TBY5:01101:02530	1	0.0327761	6
2TBY5:01100:01591	1	0.0327761	6
2TBY5:01096:02948	1	0.0327761	6
2TBY5:01090:02278	1	0.0327761	6
2TBY5:01089:01710	1	0.0327761	6
2TBY5:01086:02796	1	0.0327761	6
2TBY5:01086:02511	1	0.0327761	6
2TBY5:01085:01099	1	0.0327761	6
2TBY5:01084:02998	1	0.0327761	6
2TBY5:01083:02124	1	0.0327761	6
2TBY5:01082:01093	1	0.0327761	6
2TBY5:01080:01585	1	0.0327761	6
2TBY5:01079:01337	1	0.0327761	6
2TBY5:01076:02379	1	0.0327761	6
2TBY5:01076:01179	1	0.0327761	6
2TBY5:01074:02579	1	0.0327761	6
2TBY5:01074:01373	1	0.0327761	6
2TBY5:01073:01482	1	0.0327761	6
2TBY5:01072:01041	1	0.0327761	6
2TBY5:01069:00932	1	0.0327761	6
2TBY5:01066:02327	1	0.0327761	6
2TBY5:01061:03017	1	0.0327761	6
2TBY5:01059:01732	1	0.0327761	6
2TBY5:01058:03269	1	0.0327761	6
2TBY5:01056:01528	1	0.0327761	6
2TBY5:01050:02183	1	0.0327761	6
2TBY5:01049:02392	1	0.0327761	6
2TBY5:01044:02455	1	0.0327761	6
2TBY5:01044:02063	1	0.0327761	6
2TBY5:01040:02510	1	0.0327761	6
2TBY5:01033:00992	1	0.0327761	6
2TBY5:01031:01559	1	0.0327761	6
2TBY5:01030:01787	1	0.0327761	6
2TBY5:01029:01413	1	0.0327761	6
2TBY5:01028:02716	1	0.0327761	6
2TBY5:01027:02776	1	0.0327761	6
2TBY5:01021:02423	1	0.0327761	6
2TBY5:01020:03164	1	0.0327761	6
2TBY5:01020:01018	1	0.0327761	6
2TBY5:01019:01082	1	0.0327761	6
2TBY5:01014:02811	1	0.0327761	6
2TBY5:01012:02620	1	0.0327761	6
2TBY5:01012:01595	1	0.0327761	6
2TBY5:01011:02272	1	0.0327761	6
2TBY5:01009:00970	1	0.0327761	6
2TBY5:01007:01601	1	0.0327761	6
2TBY5:01006:02350	1	0.0327761	6
2TBY5:01006:01202	1	0.0327761	6
2TBY5:01005:01340	1	0.0327761	6
2TBY5:01004:01840	1	0.0327761	6
2TBY5:01003:02076	1	0.0327761	6
2TBY5:01001:00993	1	0.0327761	6
2TBY5:00999:02536	1	0.0327761	6
2TBY5:00999:01836	1	0.0327761	6
2TBY5:00998:01906	1	0.0327761	6
2TBY5:00996:00985	1	0.0327761	6
2TBY5:00995:02074	1	0.0327761	6
2TBY5:00995:01389	1	0.0327761	6
2TBY5:00989:01075	1	0.0327761	6
2TBY5:00988:01044	1	0.0327761	6
2TBY5:00986:01638	1	0.0327761	6
2TBY5:00981:02991	1	0.0327761	6
2TBY5:00977:02002	1	0.0327761	6
2TBY5:00977:01029	1	0.0327761	6
2TBY5:00976:00988	1	0.0327761	6
2TBY5:00971:02515	1	0.0327761	6
2TBY5:00968:01797	1	0.0327761	6
2TBY5:00965:03312	1	0.0327761	6
2TBY5:00965:02852	1	0.0327761	6
2TBY5:00962:02591	1	0.0327761	6
2TBY5:00959:01613	1	0.0327761	6
2TBY5:00955:01701	1	0.0327761	6
2TBY5:00945:01386	1	0.0327761	6
2TBY5:00944:02257	1	0.0327761	6
2TBY5:00940:01528	1	0.0327761	6
2TBY5:00940:01296	1	0.0327761	6
2TBY5:00939:02369	1	0.0327761	6
2TBY5:00938:01450	1	0.0327761	6
2TBY5:00937:01053	1	0.0327761	6
2TBY5:00935:03122	1	0.0327761	6
2TBY5:00931:01078	1	0.0327761	6
2TBY5:00930:01095	1	0.0327761	6
2TBY5:00928:01048	1	0.0327761	6
2TBY5:00927:03301	1	0.0327761	6
2TBY5:00924:01988	1	0.0327761	6
2TBY5:00922:02193	1	0.0327761	6
2TBY5:00915:02585	1	0.0327761	6
2TBY5:00914:02471	1	0.0327761	6
2TBY5:00913:01464	1	0.0327761	6
2TBY5:00909:01273	1	0.0327761	6
2TBY5:00906:02798	1	0.0327761	6
2TBY5:00905:01724	1	0.0327761	6
2TBY5:00899:01043	1	0.0327761	6
2TBY5:00896:02925	1	0.0327761	6
2TBY5:00896:02398	1	0.0327761	6
2TBY5:00894:02845	1	0.0327761	6
2TBY5:00893:02380	1	0.0327761	6
2TBY5:00890:02183	1	0.0327761	6
2TBY5:00889:02954	1	0.0327761	6
2TBY5:00885:02533	1	0.0327761	6
2TBY5:00883:01717	1	0.0327761	6
2TBY5:00880:02624	1	0.0327761	6
2TBY5:00877:01141	1	0.0327761	6
2TBY5:00875:01728	1	0.0327761	6
2TBY5:00874:02278	1	0.0327761	6
2TBY5:00870:01460	1	0.0327761	6
2TBY5:00867:01144	1	0.0327761	6
2TBY5:00866:02350	1	0.0327761	6
2TBY5:00863:03089	1	0.0327761	6
2TBY5:00861:00974	1	0.0327761	6
2TBY5:00857:01635	1	0.0327761	6
2TBY5:00854:01849	1	0.0327761	6
2TBY5:00854:01711	1	0.0327761	6
2TBY5:00851:01724	1	0.0327761	6
2TBY5:00851:01655	1	0.0327761	6
2TBY5:00848:02220	1	0.0327761	6
2TBY5:00847:01642	1	0.0327761	6
2TBY5:00846:02353	1	0.0327761	6
2TBY5:00844:02961	1	0.0327761	6
2TBY5:00844:01363	1	0.0327761	6
2TBY5:00842:01338	1	0.0327761	6
2TBY5:00839:02781	1	0.0327761	6
2TBY5:00829:03071	1	0.0327761	6
2TBY5:00829:02659	1	0.0327761	6
2TBY5:00829:02649	1	0.0327761	6
2TBY5:00825:02526	1	0.0327761	6
2TBY5:00817:01882	1	0.0327761	6
2TBY5:00816:03117	1	0.0327761	6
2TBY5:00816:01417	1	0.0327761	6
2TBY5:00814:02440	1	0.0327761	6
2TBY5:00814:01794	1	0.0327761	6
2TBY5:00813:02894	1	0.0327761	6
2TBY5:00811:01489	1	0.0327761	6
2TBY5:00811:01264	1	0.0327761	6
2TBY5:00809:02225	1	0.0327761	6
2TBY5:00806:03052	1	0.0327761	6
2TBY5:00806:01543	1	0.0327761	6
2TBY5:00804:02194	1	0.0327761	6
2TBY5:00802:00935	1	0.0327761	6
2TBY5:00796:02688	1	0.0327761	6
2TBY5:00796:01916	1	0.0327761	6
2TBY5:00795:02016	1	0.0327761	6
2TBY5:00795:01327	1	0.0327761	6
2TBY5:00793:01946	1	0.0327761	6
2TBY5:00792:02330	1	0.0327761	6
2TBY5:00788:02291	1	0.0327761	6
2TBY5:00786:02867	1	0.0327761	6
2TBY5:00782:01894	1	0.0327761	6
2TBY5:00782:01822	1	0.0327761	6
2TBY5:00781:01688	1	0.0327761	6
2TBY5:00776:02239	1	0.0327761	6
2TBY5:00775:01981	1	0.0327761	6
2TBY5:00771:01689	1	0.0327761	6
2TBY5:00770:02978	1	0.0327761	6
2TBY5:00770:02330	1	0.0327761	6
2TBY5:00770:01475	1	0.0327761	6
2TBY5:00769:02781	1	0.0327761	6
2TBY5:00764:02197	1	0.0327761	6
2TBY5:00761:02645	1	0.0327761	6
2TBY5:00759:01664	1	0.0327761	6
2TBY5:00757:01137	1	0.0327761	6
2TBY5:00754:01083	1	0.0327761	6
2TBY5:00753:01506	1	0.0327761	6
2TBY5:00751:02761	1	0.0327761	6
2TBY5:00749:02929	1	0.0327761	6
2TBY5:00749:02366	1	0.0327761	6
2TBY5:00746:02994	1	0.0327761	6
2TBY5:00745:03223	1	0.0327761	6
2TBY5:00745:01018	1	0.0327761	6
2TBY5:00744:01741	1	0.0327761	6
2TBY5:00743:01689	1	0.0327761	6
2TBY5:00741:02644	1	0.0327761	6
2TBY5:00740:02557	1	0.0327761	6
2TBY5:00739:03042	1	0.0327761	6
2TBY5:00736:01213	1	0.0327761	6
2TBY5:00735:02504	1	0.0327761	6
2TBY5:00733:02698	1	0.0327761	6
2TBY5:00732:02407	1	0.0327761	6
2TBY5:00731:02840	1	0.0327761	6
2TBY5:00731:01387	1	0.0327761	6
2TBY5:00728:03057	1	0.0327761	6
2TBY5:00727:02192	1	0.0327761	6
2TBY5:00727:01216	1	0.0327761	6
2TBY5:00726:01876	1	0.0327761	6
2TBY5:00725:02987	1	0.0327761	6
2TBY5:00724:01736	1	0.0327761	6
2TBY5:00722:02589	1	0.0327761	6
2TBY5:00722:02580	1	0.0327761	6
2TBY5:00720:01102	1	0.0327761	6
2TBY5:00718:02632	1	0.0327761	6
2TBY5:00717:02545	1	0.0327761	6
2TBY5:00714:01866	1	0.0327761	6
2TBY5:00708:01065	1	0.0327761	6
2TBY5:00707:01141	1	0.0327761	6
2TBY5:00707:01086	1	0.0327761	6
2TBY5:00706:03136	1	0.0327761	6
2TBY5:00706:03122	1	0.0327761	6
2TBY5:00705:01050	1	0.0327761	6
2TBY5:00703:02948	1	0.0327761	6
2TBY5:00702:02188	1	0.0327761	6
2TBY5:00702:01309	1	0.0327761	6
2TBY5:00701:03013	1	0.0327761	6
2TBY5:00699:02828	1	0.0327761	6
2TBY5:00699:01914	1	0.0327761	6
2TBY5:00698:01262	1	0.0327761	6
2TBY5:00697:02974	1	0.0327761	6
2TBY5:00695:02074	1	0.0327761	6
2TBY5:00693:02597	1	0.0327761	6
2TBY5:00693:02096	1	0.0327761	6
2TBY5:00693:01120	1	0.0327761	6
2TBY5:00692:03186	1	0.0327761	6
2TBY5:00692:01685	1	0.0327761	6
2TBY5:00690:01566	1	0.0327761	6
2TBY5:00689:00925	1	0.0327761	6
2TBY5:00687:02126	1	0.0327761	6
2TBY5:00687:01097	1	0.0327761	6
2TBY5:00675:01788	1	0.0327761	6
2TBY5:00673:00920	1	0.0327761	6
2TBY5:00672:01706	1	0.0327761	6
2TBY5:00671:01174	1	0.0327761	6
2TBY5:00668:01238	1	0.0327761	6
2TBY5:00667:00873	1	0.0327761	6
2TBY5:00666:02228	1	0.0327761	6
2TBY5:00665:02975	1	0.0327761	6
2TBY5:00662:02516	1	0.0327761	6
2TBY5:00656:01817	1	0.0327761	6
2TBY5:00655:02378	1	0.0327761	6
2TBY5:00653:02773	1	0.0327761	6
2TBY5:00652:02036	1	0.0327761	6
2TBY5:00651:02987	1	0.0327761	6
2TBY5:00650:02587	1	0.0327761	6
2TBY5:00649:02913	1	0.0327761	6
2TBY5:00649:02282	1	0.0327761	6
2TBY5:00648:02649	1	0.0327761	6
2TBY5:00647:01591	1	0.0327761	6
2TBY5:00645:02377	1	0.0327761	6
2TBY5:00644:02409	1	0.0327761	6
2TBY5:00640:03037	1	0.0327761	6
2TBY5:00639:02463	1	0.0327761	6
2TBY5:00635:01716	1	0.0327761	6
2TBY5:00629:00984	1	0.0327761	6
2TBY5:00628:02093	1	0.0327761	6
2TBY5:00628:00891	1	0.0327761	6
2TBY5:00626:02694	1	0.0327761	6
2TBY5:00626:01199	1	0.0327761	6
2TBY5:00623:01485	1	0.0327761	6
2TBY5:00622:02844	1	0.0327761	6
2TBY5:00621:02024	1	0.0327761	6
2TBY5:00619:01355	1	0.0327761	6
2TBY5:00617:01368	1	0.0327761	6
2TBY5:00615:02434	1	0.0327761	6
2TBY5:00614:02072	1	0.0327761	6
2TBY5:00613:02199	1	0.0327761	6
2TBY5:00613:02196	1	0.0327761	6
2TBY5:00613:01675	1	0.0327761	6
2TBY5:00613:01473	1	0.0327761	6
2TBY5:00611:03089	1	0.0327761	6
2TBY5:00611:02425	1	0.0327761	6
2TBY5:00610:00876	1	0.0327761	6
2TBY5:00607:01783	1	0.0327761	6
2TBY5:00606:02911	1	0.0327761	6
2TBY5:00606:02767	1	0.0327761	6
2TBY5:00605:03026	1	0.0327761	6
2TBY5:00604:02508	1	0.0327761	6
2TBY5:00604:01649	1	0.0327761	6
2TBY5:00603:01558	1	0.0327761	6
2TBY5:00602:02682	1	0.0327761	6
2TBY5:00600:02321	1	0.0327761	6
2TBY5:00600:01509	1	0.0327761	6
2TBY5:00598:02976	1	0.0327761	6
2TBY5:00598:02471	1	0.0327761	6
2TBY5:00598:02254	1	0.0327761	6
2TBY5:00597:02495	1	0.0327761	6
2TBY5:00596:03085	1	0.0327761	6
2TBY5:00596:02696	1	0.0327761	6
2TBY5:00594:02443	1	0.0327761	6
2TBY5:00589:01500	1	0.0327761	6
2TBY5:00583:00901	1	0.0327761	6
2TBY5:00579:02905	1	0.0327761	6
2TBY5:00579:01765	1	0.0327761	6
2TBY5:00577:02239	1	0.0327761	6
2TBY5:00576:01700	1	0.0327761	6
2TBY5:00575:02934	1	0.0327761	6
2TBY5:00574:02246	1	0.0327761	6
2TBY5:00573:01657	1	0.0327761	6
2TBY5:00572:02717	1	0.0327761	6
2TBY5:00571:00919	1	0.0327761	6
2TBY5:00570:01617	1	0.0327761	6
2TBY5:00565:02403	1	0.0327761	6
2TBY5:00564:01104	1	0.0327761	6
2TBY5:00563:02432	1	0.0327761	6
2TBY5:00562:02000	1	0.0327761	6
2TBY5:00562:01513	1	0.0327761	6
2TBY5:00561:02108	1	0.0327761	6
2TBY5:00559:02130	1	0.0327761	6
2TBY5:00558:01315	1	0.0327761	6
2TBY5:00556:02153	1	0.0327761	6
2TBY5:00543:00906	1	0.0327761	6
2TBY5:00541:02689	1	0.0327761	6
2TBY5:00540:01922	1	0.0327761	6
2TBY5:00538:02595	1	0.0327761	6
2TBY5:00536:01212	1	0.0327761	6
2TBY5:00532:02679	1	0.0327761	6
2TBY5:00528:01171	1	0.0327761	6
2TBY5:00527:02846	1	0.0327761	6
2TBY5:00527:01436	1	0.0327761	6
2TBY5:00524:02089	1	0.0327761	6
2TBY5:00522:01561	1	0.0327761	6
2TBY5:00521:01459	1	0.0327761	6
2TBY5:00519:00891	1	0.0327761	6
2TBY5:00517:02780	1	0.0327761	6
2TBY5:00517:02258	1	0.0327761	6
2TBY5:00514:02239	1	0.0327761	6
2TBY5:00511:03019	1	0.0327761	6
2TBY5:00510:01982	1	0.0327761	6
2TBY5:00506:02913	1	0.0327761	6
2TBY5:00500:01737	1	0.0327761	6
2TBY5:00499:02426	1	0.0327761	6
2TBY5:00497:01329	1	0.0327761	6
2TBY5:00496:01215	1	0.0327761	6
2TBY5:00495:01167	1	0.0327761	6
2TBY5:00490:01571	1	0.0327761	6
2TBY5:00490:01179	1	0.0327761	6
2TBY5:00489:01819	1	0.0327761	6
2TBY5:00483:02764	1	0.0327761	6
2TBY5:00478:02870	1	0.0327761	6
2TBY5:00477:02468	1	0.0327761	6
2TBY5:00477:01858	1	0.0327761	6
2TBY5:00476:01249	1	0.0327761	6
2TBY5:00475:01290	1	0.0327761	6
2TBY5:00474:01606	1	0.0327761	6
2TBY5:00473:00929	1	0.0327761	6
2TBY5:00470:01274	1	0.0327761	6
2TBY5:00468:02635	1	0.0327761	6
2TBY5:00468:01423	1	0.0327761	6
2TBY5:00467:02738	1	0.0327761	6
2TBY5:00467:02045	1	0.0327761	6
2TBY5:00467:01854	1	0.0327761	6
2TBY5:00466:01770	1	0.0327761	6
2TBY5:00460:01306	1	0.0327761	6
2TBY5:00460:00768	1	0.0327761	6
2TBY5:00458:01088	1	0.0327761	6
2TBY5:00457:01979	1	0.0327761	6
2TBY5:00455:02649	1	0.0327761	6
2TBY5:00454:02383	1	0.0327761	6
2TBY5:00453:01101	1	0.0327761	6
2TBY5:00451:02201	1	0.0327761	6
2TBY5:00446:01112	1	0.0327761	6
2TBY5:00440:00980	1	0.0327761	6
2TBY5:00440:00875	1	0.0327761	6
2TBY5:00437:02573	1	0.0327761	6
2TBY5:00435:02363	1	0.0327761	6
2TBY5:00434:01069	1	0.0327761	6
2TBY5:00430:02079	1	0.0327761	6
2TBY5:00429:01660	1	0.0327761	6
2TBY5:00429:01275	1	0.0327761	6
2TBY5:00427:02174	1	0.0327761	6
2TBY5:00427:00930	1	0.0327761	6
2TBY5:00425:02103	1	0.0327761	6
2TBY5:00425:01591	1	0.0327761	6
2TBY5:00424:01424	1	0.0327761	6
2TBY5:00424:01046	1	0.0327761	6
2TBY5:00422:01575	1	0.0327761	6
2TBY5:00421:00899	1	0.0327761	6
2TBY5:00420:02964	1	0.0327761	6
2TBY5:00419:01024	1	0.0327761	6
2TBY5:00418:02210	1	0.0327761	6
2TBY5:00413:01277	1	0.0327761	6
2TBY5:00412:01353	1	0.0327761	6
2TBY5:00409:02358	1	0.0327761	6
2TBY5:00407:01127	1	0.0327761	6
2TBY5:00406:01279	1	0.0327761	6
2TBY5:00404:01952	1	0.0327761	6
2TBY5:00401:01205	1	0.0327761	6
2TBY5:00397:01088	1	0.0327761	6
2TBY5:00396:02161	1	0.0327761	6
2TBY5:00393:02630	1	0.0327761	6
2TBY5:00391:02286	1	0.0327761	6
2TBY5:00388:01652	1	0.0327761	6
2TBY5:00387:00716	1	0.0327761	6
2TBY5:00386:01531	1	0.0327761	6
2TBY5:00386:01351	1	0.0327761	6
2TBY5:00385:02594	1	0.0327761	6
2TBY5:00385:01028	1	0.0327761	6
2TBY5:00382:02602	1	0.0327761	6
2TBY5:00382:01511	1	0.0327761	6
2TBY5:00381:02757	1	0.0327761	6
2TBY5:00380:00989	1	0.0327761	6
2TBY5:00378:01710	1	0.0327761	6
2TBY5:00378:00670	1	0.0327761	6
2TBY5:00377:01790	1	0.0327761	6
2TBY5:00376:01876	1	0.0327761	6
2TBY5:00375:02281	1	0.0327761	6
2TBY5:00373:01969	1	0.0327761	6
2TBY5:00369:01116	1	0.0327761	6
2TBY5:00365:02130	1	0.0327761	6
2TBY5:00356:02559	1	0.0327761	6
2TBY5:00354:00928	1	0.0327761	6
2TBY5:00353:02642	1	0.0327761	6
2TBY5:00352:01787	1	0.0327761	6
2TBY5:00347:01285	1	0.0327761	6
2TBY5:00345:02094	1	0.0327761	6
2TBY5:00344:02667	1	0.0327761	6
2TBY5:00342:02338	1	0.0327761	6
2TBY5:00341:01362	1	0.0327761	6
2TBY5:00338:01627	1	0.0327761	6
2TBY5:00333:01875	1	0.0327761	6
2TBY5:00333:01684	1	0.0327761	6
2TBY5:00329:01851	1	0.0327761	6
2TBY5:00328:02616	1	0.0327761	6
2TBY5:00328:02150	1	0.0327761	6
2TBY5:00328:01779	1	0.0327761	6
2TBY5:00323:00706	1	0.0327761	6
2TBY5:00321:01010	1	0.0327761	6
2TBY5:00320:00711	1	0.0327761	6
2TBY5:00319:02837	1	0.0327761	6
2TBY5:00318:02568	1	0.0327761	6
2TBY5:00313:01448	1	0.0327761	6
2TBY5:00311:01395	1	0.0327761	6
2TBY5:00310:02641	1	0.0327761	6
2TBY5:00309:00884	1	0.0327761	6
2TBY5:00306:01921	1	0.0327761	6
2TBY5:00305:02381	1	0.0327761	6
2TBY5:00303:02346	1	0.0327761	6
2TBY5:00298:01407	1	0.0327761	6
2TBY5:00296:01040	1	0.0327761	6
2TBY5:00295:00796	1	0.0327761	6
2TBY5:00293:00648	1	0.0327761	6
2TBY5:00289:01804	1	0.0327761	6
2TBY5:00285:00964	1	0.0327761	6
2TBY5:00284:00949	1	0.0327761	6
2TBY5:00283:02648	1	0.0327761	6
2TBY5:00276:02521	1	0.0327761	6
2TBY5:00276:00765	1	0.0327761	6
2TBY5:00271:01352	1	0.0327761	6
2TBY5:00268:01016	1	0.0327761	6
2TBY5:00265:02670	1	0.0327761	6
2TBY5:00259:01444	1	0.0327761	6
2TBY5:00258:02508	1	0.0327761	6
2TBY5:00257:02574	1	0.0327761	6
2TBY5:00257:02039	1	0.0327761	6
2TBY5:00250:01109	1	0.0327761	6
2TBY5:00242:01854	1	0.0327761	6
2TBY5:00241:02569	1	0.0327761	6
2TBY5:00235:02739	1	0.0327761	6
2TBY5:00231:01393	1	0.0327761	6
2TBY5:00231:01336	1	0.0327761	6
2TBY5:00230:02639	1	0.0327761	6
2TBY5:00229:02335	1	0.0327761	6
2TBY5:00226:00670	1	0.0327761	6
2TBY5:00225:01990	1	0.0327761	6
2TBY5:00224:02253	1	0.0327761	6
2TBY5:00222:02262	1	0.0327761	6
2TBY5:00221:02707	1	0.0327761	6
2TBY5:00215:02350	1	0.0327761	6
2TBY5:00209:01946	1	0.0327761	6
2TBY5:00208:01084	1	0.0327761	6
2TBY5:00205:01289	1	0.0327761	6
2TBY5:00199:01254	1	0.0327761	6
2TBY5:00198:01217	1	0.0327761	6
2TBY5:00197:02575	1	0.0327761	6
2TBY5:00194:00584	1	0.0327761	6
2TBY5:00192:01353	1	0.0327761	6
2TBY5:00192:00621	1	0.0327761	6
2TBY5:00186:00850	1	0.0327761	6
2TBY5:00186:00781	1	0.0327761	6
2TBY5:00185:01290	1	0.0327761	6
2TBY5:00184:01972	1	0.0327761	6
2TBY5:00183:02246	1	0.0327761	6
2TBY5:00181:02331	1	0.0327761	6
2TBY5:00181:02303	1	0.0327761	6
2TBY5:00181:02033	1	0.0327761	6
2TBY5:00178:01364	1	0.0327761	6
2TBY5:00175:01193	1	0.0327761	6
2TBY5:00174:02033	1	0.0327761	6
2TBY5:00174:00924	1	0.0327761	6
2TBY5:00174:00619	1	0.0327761	6
2TBY5:00172:01109	1	0.0327761	6
2TBY5:00171:01978	1	0.0327761	6
2TBY5:00170:01149	1	0.0327761	6
2TBY5:00165:02343	1	0.0327761	6
2TBY5:00164:01646	1	0.0327761	6
2TBY5:00164:01415	1	0.0327761	6
2TBY5:00164:01276	1	0.0327761	6
2TBY5:00161:00956	1	0.0327761	6
2TBY5:00155:01856	1	0.0327761	6
2TBY5:00153:00619	1	0.0327761	6
2TBY5:00151:00817	1	0.0327761	6
2TBY5:00149:00702	1	0.0327761	6
2TBY5:00148:02523	1	0.0327761	6
2TBY5:00146:01502	1	0.0327761	6
2TBY5:00145:00850	1	0.0327761	6
2TBY5:00140:00676	1	0.0327761	6
2TBY5:00139:01856	1	0.0327761	6
2TBY5:00138:01473	1	0.0327761	6
2TBY5:00138:00841	1	0.0327761	6
2TBY5:00133:01545	1	0.0327761	6
2TBY5:00132:01841	1	0.0327761	6
2TBY5:00130:02473	1	0.0327761	6
2TBY5:00128:02222	1	0.0327761	6
2TBY5:00127:00766	1	0.0327761	6
2TBY5:00127:00665	1	0.0327761	6
2TBY5:00124:01984	1	0.0327761	6
2TBY5:00122:00917	1	0.0327761	6
2TBY5:00121:02483	1	0.0327761	6
2TBY5:00121:01969	1	0.0327761	6
2TBY5:00120:00483	1	0.0327761	6
2TBY5:00118:00807	1	0.0327761	6
2TBY5:00113:01535	1	0.0327761	6
2TBY5:00111:01762	1	0.0327761	6
2TBY5:00111:01282	1	0.0327761	6
2TBY5:00111:01112	1	0.0327761	6
2TBY5:00108:01309	1	0.0327761	6
2TBY5:00106:01736	1	0.0327761	6
2TBY5:00105:00727	1	0.0327761	6
2TBY5:00103:00710	1	0.0327761	6
2TBY5:00099:02340	1	0.0327761	6
2TBY5:00091:00848	1	0.0327761	6
2TBY5:00090:00849	1	0.0327761	6
2TBY5:00089:01039	1	0.0327761	6
2TBY5:00087:02045	1	0.0327761	6
2TBY5:00086:00979	1	0.0327761	6
2TBY5:00085:01047	1	0.0327761	6
2TBY5:00084:02342	1	0.0327761	6
2TBY5:00078:01743	1	0.0327761	6
2TBY5:00077:01439	1	0.0327761	6
2TBY5:00075:02374	1	0.0327761	6
2TBY5:00075:02044	1	0.0327761	6
2TBY5:00075:01692	1	0.0327761	6
2TBY5:00073:01022	1	0.0327761	6
2TBY5:00073:00859	1	0.0327761	6
2TBY5:00064:01366	1	0.0327761	6
2TBY5:00063:01960	1	0.0327761	6
2TBY5:00061:00724	1	0.0327761	6
2TBY5:00058:01299	1	0.0327761	6
2TBY5:00055:01967	1	0.0327761	6
2TBY5:00052:01632	1	0.0327761	6
2TBY5:00052:01435	1	0.0327761	6
2TBY5:00050:02073	1	0.0327761	6
2TBY5:00047:00588	1	0.0327761	6
2TBY5:00046:01806	1	0.0327761	6
2TBY5:00045:00589	1	0.0327761	6
2TBY5:00044:01264	1	0.0327761	6
2TBY5:00042:01809	1	0.0327761	6
2TBY5:00042:01727	1	0.0327761	6
2TBY5:00042:01556	1	0.0327761	6
2TBY5:00039:01997	1	0.0327761	6
2TBY5:00038:02291	1	0.0327761	6
2TBY5:00035:01175	1	0.0327761	6
2TBY5:00034:01665	1	0.0327761	6
2TBY5:00033:00641	1	0.0327761	6
2TBY5:00030:01894	1	0.0327761	6
2TBY5:00027:02266	1	0.0327761	6
2TBY5:00024:01989	1	0.0327761	6
2TBY5:00024:01312	1	0.0327761	6
2TBY5:00023:01548	1	0.0327761	6
2TBY5:00020:02013	1	0.0327761	6
2TBY5:00020:01230	1	0.0327761	6
2TBY5:00017:00898	1	0.0327761	6
2TBY5:00014:01453	1	0.0327761	6
2TBY5:00012:00910	1	0.0327761	6
2TBY5:00007:01991	1	0.0327761	6
2TBY5:00006:00978	1	0.0327761	6
2TBY5:00006:00507	1	0.0327761	6
2TBY5:00004:01800	1	0.0327761	6
2TBY5:00004:01693	1	0.0327761	6
