SPIKE:78	57	1.86824	1
SPIKE:158	33	1.08161	1
SPIKE:251	12	0.393314	1
SPIKE:208	10	0.327761	1
SPIKE:197	7	0.229433	1
SPIKE:244	4	0.131105	1
SPIKE:188	2	0.0655523	1
SPIKE:433	1	0.0327761	1
SPIKE:243	1	0.0327761	1
SPIKE:242	1	0.0327761	1
SPIKE:241	1	0.0327761	1
SPIKE:240	1	0.0327761	1
SPIKE:239	1	0.0327761	1
SPIKE:238	1	0.0327761	1
SPIKE:237	1	0.0327761	1
SPIKE:236	1	0.0327761	1
SPIKE:235	1	0.0327761	1
SPIKE:234	1	0.0327761	1
SPIKE:233	1	0.0327761	1
SPIKE:232	1	0.0327761	1
SPIKE:231	1	0.0327761	1
SPIKE:230	1	0.0327761	1
SPIKE:229	1	0.0327761	1
SPIKE:228	1	0.0327761	1
SPIKE:227	1	0.0327761	1
SPIKE:225	1	0.0327761	1
SPIKE:224	1	0.0327761	1
SPIKE:223	1	0.0327761	1
SPIKE:221	1	0.0327761	1
SPIKE:220	1	0.0327761	1
SPIKE:219	1	0.0327761	1
SPIKE:218	1	0.0327761	1
SPIKE:207	1	0.0327761	1
SPIKE:206	1	0.0327761	1
SPIKE:205	1	0.0327761	1
SPIKE:195	1	0.0327761	1
SPIKE:194	1	0.0327761	1
SPIKE:191	1	0.0327761	1
SPIKE:190	1	0.0327761	1
SPIKE:189	1	0.0327761	1
SPIKE:186	1	0.0327761	1
SPIKE:185	1	0.0327761	1
SPIKE:184	1	0.0327761	1
SPIKE:183	1	0.0327761	1
SPIKE:182	1	0.0327761	1
SPIKE:180	1	0.0327761	1
SPIKE:157	1	0.0327761	1
SPIKE:156	1	0.0327761	1
SPIKE:153	1	0.0327761	1
SPIKE:152	1	0.0327761	1
SPIKE:150	1	0.0327761	1
SPIKE:149	1	0.0327761	1
SPIKE:146	1	0.0327761	1
SPIKE:143	1	0.0327761	1
SPIKE:142	1	0.0327761	1
SPIKE:141	1	0.0327761	1
SPIKE:140	1	0.0327761	1
SPIKE:136	1	0.0327761	1
SPIKE:135	1	0.0327761	1
SPIKE:134	1	0.0327761	1
SPIKE:131	1	0.0327761	1
SPIKE:123	1	0.0327761	1
SPIKE:122	1	0.0327761	1
SPIKE:118	1	0.0327761	1
SPIKE:113	1	0.0327761	1
SPIKE:110	1	0.0327761	1
SPIKE:109	1	0.0327761	1
SPIKE:107	1	0.0327761	1
SPIKE:106	1	0.0327761	1
