2TBY5:00339:02550	7	0.229433	7
2TBY5:01633:02497	2	0.0655523	7
2TBY5:01326:03383	2	0.0655523	7
2TBY5:01323:02610	2	0.0655523	7
2TBY5:01083:02287	2	0.0655523	7
2TBY5:01055:02144	2	0.0655523	7
2TBY5:01047:02078	2	0.0655523	7
2TBY5:01027:01618	2	0.0655523	7
2TBY5:00999:01854	2	0.0655523	7
2TBY5:00942:02009	2	0.0655523	7
2TBY5:00823:02688	2	0.0655523	7
2TBY5:00800:01135	2	0.0655523	7
2TBY5:00724:01039	2	0.0655523	7
2TBY5:00723:03040	2	0.0655523	7
2TBY5:00703:01358	2	0.0655523	7
2TBY5:00664:01723	2	0.0655523	7
2TBY5:00663:02572	2	0.0655523	7
2TBY5:00537:00944	2	0.0655523	7
2TBY5:00412:01285	2	0.0655523	7
2TBY5:00322:00841	2	0.0655523	7
2TBY5:00258:00798	2	0.0655523	7
2TBY5:02115:02140	1	0.0327761	7
2TBY5:02115:01672	1	0.0327761	7
2TBY5:02112:02347	1	0.0327761	7
2TBY5:02111:01415	1	0.0327761	7
2TBY5:02107:01485	1	0.0327761	7
2TBY5:02107:01328	1	0.0327761	7
2TBY5:02105:03288	1	0.0327761	7
2TBY5:02100:02437	1	0.0327761	7
2TBY5:02093:01871	1	0.0327761	7
2TBY5:02093:01461	1	0.0327761	7
2TBY5:02092:02630	1	0.0327761	7
2TBY5:02092:02575	1	0.0327761	7
2TBY5:02092:02159	1	0.0327761	7
2TBY5:02081:01494	1	0.0327761	7
2TBY5:02080:02142	1	0.0327761	7
2TBY5:02079:03166	1	0.0327761	7
2TBY5:02077:01690	1	0.0327761	7
2TBY5:02076:01203	1	0.0327761	7
2TBY5:02075:01518	1	0.0327761	7
2TBY5:02073:02903	1	0.0327761	7
2TBY5:02073:01120	1	0.0327761	7
2TBY5:02072:01070	1	0.0327761	7
2TBY5:02071:01968	1	0.0327761	7
2TBY5:02070:01819	1	0.0327761	7
2TBY5:02068:01164	1	0.0327761	7
2TBY5:02067:02043	1	0.0327761	7
2TBY5:02065:01116	1	0.0327761	7
2TBY5:02063:01583	1	0.0327761	7
2TBY5:02059:03080	1	0.0327761	7
2TBY5:02059:03004	1	0.0327761	7
2TBY5:02056:03229	1	0.0327761	7
2TBY5:02053:03046	1	0.0327761	7
2TBY5:02051:01047	1	0.0327761	7
2TBY5:02050:02533	1	0.0327761	7
2TBY5:02046:02898	1	0.0327761	7
2TBY5:02045:01505	1	0.0327761	7
2TBY5:02043:01760	1	0.0327761	7
2TBY5:02043:01453	1	0.0327761	7
2TBY5:02042:01603	1	0.0327761	7
2TBY5:02042:00954	1	0.0327761	7
2TBY5:02036:03242	1	0.0327761	7
2TBY5:02036:01985	1	0.0327761	7
2TBY5:02030:01106	1	0.0327761	7
2TBY5:02028:02461	1	0.0327761	7
2TBY5:02028:02142	1	0.0327761	7
2TBY5:02027:02316	1	0.0327761	7
2TBY5:02027:02157	1	0.0327761	7
2TBY5:02027:01950	1	0.0327761	7
2TBY5:02024:01603	1	0.0327761	7
2TBY5:02018:02550	1	0.0327761	7
2TBY5:02017:02180	1	0.0327761	7
2TBY5:02011:01415	1	0.0327761	7
2TBY5:02010:01785	1	0.0327761	7
2TBY5:02008:03068	1	0.0327761	7
2TBY5:02008:01432	1	0.0327761	7
2TBY5:02004:01698	1	0.0327761	7
2TBY5:02001:03003	1	0.0327761	7
2TBY5:02000:02936	1	0.0327761	7
2TBY5:02000:01031	1	0.0327761	7
2TBY5:01998:01460	1	0.0327761	7
2TBY5:01997:00863	1	0.0327761	7
2TBY5:01996:01994	1	0.0327761	7
2TBY5:01996:01184	1	0.0327761	7
2TBY5:01987:02218	1	0.0327761	7
2TBY5:01984:01723	1	0.0327761	7
2TBY5:01982:01611	1	0.0327761	7
2TBY5:01981:01058	1	0.0327761	7
2TBY5:01979:02309	1	0.0327761	7
2TBY5:01979:02050	1	0.0327761	7
2TBY5:01977:01632	1	0.0327761	7
2TBY5:01974:02799	1	0.0327761	7
2TBY5:01972:02225	1	0.0327761	7
2TBY5:01972:00811	1	0.0327761	7
2TBY5:01970:01726	1	0.0327761	7
2TBY5:01968:01606	1	0.0327761	7
2TBY5:01966:01555	1	0.0327761	7
2TBY5:01965:03328	1	0.0327761	7
2TBY5:01963:01221	1	0.0327761	7
2TBY5:01960:03290	1	0.0327761	7
2TBY5:01960:03184	1	0.0327761	7
2TBY5:01959:02377	1	0.0327761	7
2TBY5:01958:02609	1	0.0327761	7
2TBY5:01958:01976	1	0.0327761	7
2TBY5:01956:01502	1	0.0327761	7
2TBY5:01955:01696	1	0.0327761	7
2TBY5:01955:01372	1	0.0327761	7
2TBY5:01954:01822	1	0.0327761	7
2TBY5:01953:01235	1	0.0327761	7
2TBY5:01952:00836	1	0.0327761	7
2TBY5:01947:02433	1	0.0327761	7
2TBY5:01944:02804	1	0.0327761	7
2TBY5:01943:01980	1	0.0327761	7
2TBY5:01943:01439	1	0.0327761	7
2TBY5:01942:02608	1	0.0327761	7
2TBY5:01942:02265	1	0.0327761	7
2TBY5:01940:01655	1	0.0327761	7
2TBY5:01937:01033	1	0.0327761	7
2TBY5:01932:02020	1	0.0327761	7
2TBY5:01932:01240	1	0.0327761	7
2TBY5:01929:01870	1	0.0327761	7
2TBY5:01929:01475	1	0.0327761	7
2TBY5:01927:02136	1	0.0327761	7
2TBY5:01926:01584	1	0.0327761	7
2TBY5:01924:01309	1	0.0327761	7
2TBY5:01921:01421	1	0.0327761	7
2TBY5:01919:03358	1	0.0327761	7
2TBY5:01919:01472	1	0.0327761	7
2TBY5:01912:01231	1	0.0327761	7
2TBY5:01911:01441	1	0.0327761	7
2TBY5:01910:03093	1	0.0327761	7
2TBY5:01908:02991	1	0.0327761	7
2TBY5:01908:01118	1	0.0327761	7
2TBY5:01906:01110	1	0.0327761	7
2TBY5:01905:00928	1	0.0327761	7
2TBY5:01903:01187	1	0.0327761	7
2TBY5:01901:01664	1	0.0327761	7
2TBY5:01899:02183	1	0.0327761	7
2TBY5:01893:02545	1	0.0327761	7
2TBY5:01890:03207	1	0.0327761	7
2TBY5:01887:01732	1	0.0327761	7
2TBY5:01887:01137	1	0.0327761	7
2TBY5:01885:02009	1	0.0327761	7
2TBY5:01881:00715	1	0.0327761	7
2TBY5:01880:02666	1	0.0327761	7
2TBY5:01878:01882	1	0.0327761	7
2TBY5:01875:02501	1	0.0327761	7
2TBY5:01874:02083	1	0.0327761	7
2TBY5:01873:02017	1	0.0327761	7
2TBY5:01871:02201	1	0.0327761	7
2TBY5:01871:00920	1	0.0327761	7
2TBY5:01868:01169	1	0.0327761	7
2TBY5:01867:00651	1	0.0327761	7
2TBY5:01866:03154	1	0.0327761	7
2TBY5:01865:03207	1	0.0327761	7
2TBY5:01865:01511	1	0.0327761	7
2TBY5:01865:01362	1	0.0327761	7
2TBY5:01864:02243	1	0.0327761	7
2TBY5:01864:01920	1	0.0327761	7
2TBY5:01862:01505	1	0.0327761	7
2TBY5:01862:01161	1	0.0327761	7
2TBY5:01860:01559	1	0.0327761	7
2TBY5:01858:01662	1	0.0327761	7
2TBY5:01857:01315	1	0.0327761	7
2TBY5:01854:02558	1	0.0327761	7
2TBY5:01854:01225	1	0.0327761	7
2TBY5:01853:00785	1	0.0327761	7
2TBY5:01853:00715	1	0.0327761	7
2TBY5:01852:01349	1	0.0327761	7
2TBY5:01850:02444	1	0.0327761	7
2TBY5:01849:02127	1	0.0327761	7
2TBY5:01849:01972	1	0.0327761	7
2TBY5:01847:01765	1	0.0327761	7
2TBY5:01846:00710	1	0.0327761	7
2TBY5:01845:02109	1	0.0327761	7
2TBY5:01845:01531	1	0.0327761	7
2TBY5:01843:01248	1	0.0327761	7
2TBY5:01843:00809	1	0.0327761	7
2TBY5:01842:00748	1	0.0327761	7
2TBY5:01840:03122	1	0.0327761	7
2TBY5:01840:02902	1	0.0327761	7
2TBY5:01838:03193	1	0.0327761	7
2TBY5:01836:00953	1	0.0327761	7
2TBY5:01835:01507	1	0.0327761	7
2TBY5:01832:02899	1	0.0327761	7
2TBY5:01829:03097	1	0.0327761	7
2TBY5:01828:03125	1	0.0327761	7
2TBY5:01828:02356	1	0.0327761	7
2TBY5:01827:00769	1	0.0327761	7
2TBY5:01825:03146	1	0.0327761	7
2TBY5:01825:00686	1	0.0327761	7
2TBY5:01823:00803	1	0.0327761	7
2TBY5:01822:00933	1	0.0327761	7
2TBY5:01820:01679	1	0.0327761	7
2TBY5:01820:01029	1	0.0327761	7
2TBY5:01818:01705	1	0.0327761	7
2TBY5:01817:03187	1	0.0327761	7
2TBY5:01817:02179	1	0.0327761	7
2TBY5:01816:02752	1	0.0327761	7
2TBY5:01816:02150	1	0.0327761	7
2TBY5:01813:00673	1	0.0327761	7
2TBY5:01811:02097	1	0.0327761	7
2TBY5:01809:03300	1	0.0327761	7
2TBY5:01808:01762	1	0.0327761	7
2TBY5:01807:01561	1	0.0327761	7
2TBY5:01806:01978	1	0.0327761	7
2TBY5:01804:03380	1	0.0327761	7
2TBY5:01802:01952	1	0.0327761	7
2TBY5:01801:00789	1	0.0327761	7
2TBY5:01800:03118	1	0.0327761	7
2TBY5:01796:01270	1	0.0327761	7
2TBY5:01795:01479	1	0.0327761	7
2TBY5:01791:01365	1	0.0327761	7
2TBY5:01789:02976	1	0.0327761	7
2TBY5:01789:01579	1	0.0327761	7
2TBY5:01787:03101	1	0.0327761	7
2TBY5:01784:00775	1	0.0327761	7
2TBY5:01782:03145	1	0.0327761	7
2TBY5:01781:01904	1	0.0327761	7
2TBY5:01781:01681	1	0.0327761	7
2TBY5:01779:01647	1	0.0327761	7
2TBY5:01774:01116	1	0.0327761	7
2TBY5:01772:00781	1	0.0327761	7
2TBY5:01771:00548	1	0.0327761	7
2TBY5:01764:01321	1	0.0327761	7
2TBY5:01762:01714	1	0.0327761	7
2TBY5:01762:00549	1	0.0327761	7
2TBY5:01760:01999	1	0.0327761	7
2TBY5:01759:02615	1	0.0327761	7
2TBY5:01759:00559	1	0.0327761	7
2TBY5:01754:02994	1	0.0327761	7
2TBY5:01753:00902	1	0.0327761	7
2TBY5:01752:03238	1	0.0327761	7
2TBY5:01752:02886	1	0.0327761	7
2TBY5:01752:01528	1	0.0327761	7
2TBY5:01750:01993	1	0.0327761	7
2TBY5:01749:03268	1	0.0327761	7
2TBY5:01748:02409	1	0.0327761	7
2TBY5:01747:02815	1	0.0327761	7
2TBY5:01745:02941	1	0.0327761	7
2TBY5:01745:02459	1	0.0327761	7
2TBY5:01744:03377	1	0.0327761	7
2TBY5:01744:00524	1	0.0327761	7
2TBY5:01742:02884	1	0.0327761	7
2TBY5:01741:02057	1	0.0327761	7
2TBY5:01740:02470	1	0.0327761	7
2TBY5:01738:02929	1	0.0327761	7
2TBY5:01735:00900	1	0.0327761	7
2TBY5:01733:01483	1	0.0327761	7
2TBY5:01732:02997	1	0.0327761	7
2TBY5:01732:01378	1	0.0327761	7
2TBY5:01732:00791	1	0.0327761	7
2TBY5:01731:03359	1	0.0327761	7
2TBY5:01730:02963	1	0.0327761	7
2TBY5:01730:01317	1	0.0327761	7
2TBY5:01728:01212	1	0.0327761	7
2TBY5:01726:00880	1	0.0327761	7
2TBY5:01724:03160	1	0.0327761	7
2TBY5:01723:00436	1	0.0327761	7
2TBY5:01714:01244	1	0.0327761	7
2TBY5:01714:00759	1	0.0327761	7
2TBY5:01713:02039	1	0.0327761	7
2TBY5:01712:00972	1	0.0327761	7
2TBY5:01709:01810	1	0.0327761	7
2TBY5:01708:00840	1	0.0327761	7
2TBY5:01702:02586	1	0.0327761	7
2TBY5:01702:00659	1	0.0327761	7
2TBY5:01701:03257	1	0.0327761	7
2TBY5:01698:01596	1	0.0327761	7
2TBY5:01695:02641	1	0.0327761	7
2TBY5:01695:02464	1	0.0327761	7
2TBY5:01695:00534	1	0.0327761	7
2TBY5:01688:02727	1	0.0327761	7
2TBY5:01688:00534	1	0.0327761	7
2TBY5:01686:02624	1	0.0327761	7
2TBY5:01686:01242	1	0.0327761	7
2TBY5:01681:01841	1	0.0327761	7
2TBY5:01680:02942	1	0.0327761	7
2TBY5:01678:03116	1	0.0327761	7
2TBY5:01673:02943	1	0.0327761	7
2TBY5:01669:03123	1	0.0327761	7
2TBY5:01669:01510	1	0.0327761	7
2TBY5:01663:01909	1	0.0327761	7
2TBY5:01663:01184	1	0.0327761	7
2TBY5:01662:02116	1	0.0327761	7
2TBY5:01660:01431	1	0.0327761	7
2TBY5:01659:02500	1	0.0327761	7
2TBY5:01657:00805	1	0.0327761	7
2TBY5:01656:01544	1	0.0327761	7
2TBY5:01656:01212	1	0.0327761	7
2TBY5:01650:01800	1	0.0327761	7
2TBY5:01649:02034	1	0.0327761	7
2TBY5:01648:02018	1	0.0327761	7
2TBY5:01643:02967	1	0.0327761	7
2TBY5:01642:00510	1	0.0327761	7
2TBY5:01640:02385	1	0.0327761	7
2TBY5:01633:00500	1	0.0327761	7
2TBY5:01632:02707	1	0.0327761	7
2TBY5:01632:02480	1	0.0327761	7
2TBY5:01631:02765	1	0.0327761	7
2TBY5:01631:02367	1	0.0327761	7
2TBY5:01629:02868	1	0.0327761	7
2TBY5:01626:01597	1	0.0327761	7
2TBY5:01626:01552	1	0.0327761	7
2TBY5:01625:02660	1	0.0327761	7
2TBY5:01625:01272	1	0.0327761	7
2TBY5:01624:01901	1	0.0327761	7
2TBY5:01624:00540	1	0.0327761	7
2TBY5:01623:01337	1	0.0327761	7
2TBY5:01622:01439	1	0.0327761	7
2TBY5:01621:00792	1	0.0327761	7
2TBY5:01620:01653	1	0.0327761	7
2TBY5:01619:03191	1	0.0327761	7
2TBY5:01618:02631	1	0.0327761	7
2TBY5:01618:02462	1	0.0327761	7
2TBY5:01618:01594	1	0.0327761	7
2TBY5:01616:02567	1	0.0327761	7
2TBY5:01616:02492	1	0.0327761	7
2TBY5:01616:01301	1	0.0327761	7
2TBY5:01616:00597	1	0.0327761	7
2TBY5:01616:00435	1	0.0327761	7
2TBY5:01615:02145	1	0.0327761	7
2TBY5:01607:02771	1	0.0327761	7
2TBY5:01607:01069	1	0.0327761	7
2TBY5:01605:01127	1	0.0327761	7
2TBY5:01600:02800	1	0.0327761	7
2TBY5:01600:02163	1	0.0327761	7
2TBY5:01600:01784	1	0.0327761	7
2TBY5:01599:00428	1	0.0327761	7
2TBY5:01598:01387	1	0.0327761	7
2TBY5:01597:02964	1	0.0327761	7
2TBY5:01596:02761	1	0.0327761	7
2TBY5:01592:02301	1	0.0327761	7
2TBY5:01592:02180	1	0.0327761	7
2TBY5:01591:01897	1	0.0327761	7
2TBY5:01591:01322	1	0.0327761	7
2TBY5:01591:00824	1	0.0327761	7
2TBY5:01588:02977	1	0.0327761	7
2TBY5:01586:02045	1	0.0327761	7
2TBY5:01586:01797	1	0.0327761	7
2TBY5:01585:01464	1	0.0327761	7
2TBY5:01585:01055	1	0.0327761	7
2TBY5:01585:00663	1	0.0327761	7
2TBY5:01578:02398	1	0.0327761	7
2TBY5:01578:01947	1	0.0327761	7
2TBY5:01577:01668	1	0.0327761	7
2TBY5:01575:02579	1	0.0327761	7
2TBY5:01574:02709	1	0.0327761	7
2TBY5:01571:03364	1	0.0327761	7
2TBY5:01570:03104	1	0.0327761	7
2TBY5:01569:02418	1	0.0327761	7
2TBY5:01562:02866	1	0.0327761	7
2TBY5:01562:01800	1	0.0327761	7
2TBY5:01560:02309	1	0.0327761	7
2TBY5:01558:02831	1	0.0327761	7
2TBY5:01558:01825	1	0.0327761	7
2TBY5:01558:01722	1	0.0327761	7
2TBY5:01554:01476	1	0.0327761	7
2TBY5:01553:01475	1	0.0327761	7
2TBY5:01553:01290	1	0.0327761	7
2TBY5:01553:01234	1	0.0327761	7
2TBY5:01552:03329	1	0.0327761	7
2TBY5:01552:01064	1	0.0327761	7
2TBY5:01551:01180	1	0.0327761	7
2TBY5:01546:01995	1	0.0327761	7
2TBY5:01545:00804	1	0.0327761	7
2TBY5:01544:02547	1	0.0327761	7
2TBY5:01543:02638	1	0.0327761	7
2TBY5:01543:01719	1	0.0327761	7
2TBY5:01540:01395	1	0.0327761	7
2TBY5:01540:01224	1	0.0327761	7
2TBY5:01539:01480	1	0.0327761	7
2TBY5:01538:01984	1	0.0327761	7
2TBY5:01534:01606	1	0.0327761	7
2TBY5:01534:01011	1	0.0327761	7
2TBY5:01533:03217	1	0.0327761	7
2TBY5:01531:01287	1	0.0327761	7
2TBY5:01531:00843	1	0.0327761	7
2TBY5:01529:01381	1	0.0327761	7
2TBY5:01521:01657	1	0.0327761	7
2TBY5:01520:02611	1	0.0327761	7
2TBY5:01519:02358	1	0.0327761	7
2TBY5:01517:02507	1	0.0327761	7
2TBY5:01517:01520	1	0.0327761	7
2TBY5:01516:01045	1	0.0327761	7
2TBY5:01515:01511	1	0.0327761	7
2TBY5:01511:02293	1	0.0327761	7
2TBY5:01510:02054	1	0.0327761	7
2TBY5:01509:01184	1	0.0327761	7
2TBY5:01508:02502	1	0.0327761	7
2TBY5:01506:01756	1	0.0327761	7
2TBY5:01506:01092	1	0.0327761	7
2TBY5:01505:01030	1	0.0327761	7
2TBY5:01499:01252	1	0.0327761	7
2TBY5:01498:01596	1	0.0327761	7
2TBY5:01493:02823	1	0.0327761	7
2TBY5:01493:01052	1	0.0327761	7
2TBY5:01493:00904	1	0.0327761	7
2TBY5:01493:00512	1	0.0327761	7
2TBY5:01492:02313	1	0.0327761	7
2TBY5:01486:02493	1	0.0327761	7
2TBY5:01484:02220	1	0.0327761	7
2TBY5:01481:01433	1	0.0327761	7
2TBY5:01479:02626	1	0.0327761	7
2TBY5:01478:01312	1	0.0327761	7
2TBY5:01476:02417	1	0.0327761	7
2TBY5:01475:00639	1	0.0327761	7
2TBY5:01474:02829	1	0.0327761	7
2TBY5:01473:01669	1	0.0327761	7
2TBY5:01471:02161	1	0.0327761	7
2TBY5:01471:02054	1	0.0327761	7
2TBY5:01470:00701	1	0.0327761	7
2TBY5:01468:01772	1	0.0327761	7
2TBY5:01465:03006	1	0.0327761	7
2TBY5:01465:02506	1	0.0327761	7
2TBY5:01461:02931	1	0.0327761	7
2TBY5:01459:02383	1	0.0327761	7
2TBY5:01458:01120	1	0.0327761	7
2TBY5:01456:02897	1	0.0327761	7
2TBY5:01455:03070	1	0.0327761	7
2TBY5:01452:03297	1	0.0327761	7
2TBY5:01448:02719	1	0.0327761	7
2TBY5:01447:00699	1	0.0327761	7
2TBY5:01445:01806	1	0.0327761	7
2TBY5:01443:03332	1	0.0327761	7
2TBY5:01442:03331	1	0.0327761	7
2TBY5:01441:01415	1	0.0327761	7
2TBY5:01440:03365	1	0.0327761	7
2TBY5:01439:03217	1	0.0327761	7
2TBY5:01439:00837	1	0.0327761	7
2TBY5:01438:01505	1	0.0327761	7
2TBY5:01438:01480	1	0.0327761	7
2TBY5:01437:01472	1	0.0327761	7
2TBY5:01435:02043	1	0.0327761	7
2TBY5:01434:02495	1	0.0327761	7
2TBY5:01434:02068	1	0.0327761	7
2TBY5:01433:03258	1	0.0327761	7
2TBY5:01432:01764	1	0.0327761	7
2TBY5:01431:02354	1	0.0327761	7
2TBY5:01430:02671	1	0.0327761	7
2TBY5:01430:01127	1	0.0327761	7
2TBY5:01429:02736	1	0.0327761	7
2TBY5:01428:01161	1	0.0327761	7
2TBY5:01426:03065	1	0.0327761	7
2TBY5:01425:01831	1	0.0327761	7
2TBY5:01422:02937	1	0.0327761	7
2TBY5:01420:02938	1	0.0327761	7
2TBY5:01418:03150	1	0.0327761	7
2TBY5:01416:02829	1	0.0327761	7
2TBY5:01415:02786	1	0.0327761	7
2TBY5:01415:02491	1	0.0327761	7
2TBY5:01415:02015	1	0.0327761	7
2TBY5:01411:02235	1	0.0327761	7
2TBY5:01410:01605	1	0.0327761	7
2TBY5:01409:01091	1	0.0327761	7
2TBY5:01407:01165	1	0.0327761	7
2TBY5:01404:01538	1	0.0327761	7
2TBY5:01402:02158	1	0.0327761	7
2TBY5:01396:00622	1	0.0327761	7
2TBY5:01395:02395	1	0.0327761	7
2TBY5:01393:03132	1	0.0327761	7
2TBY5:01392:02547	1	0.0327761	7
2TBY5:01392:02001	1	0.0327761	7
2TBY5:01392:01430	1	0.0327761	7
2TBY5:01392:01164	1	0.0327761	7
2TBY5:01392:00885	1	0.0327761	7
2TBY5:01391:01126	1	0.0327761	7
2TBY5:01386:00845	1	0.0327761	7
2TBY5:01385:03130	1	0.0327761	7
2TBY5:01384:01324	1	0.0327761	7
2TBY5:01384:00933	1	0.0327761	7
2TBY5:01383:03256	1	0.0327761	7
2TBY5:01382:02726	1	0.0327761	7
2TBY5:01382:02536	1	0.0327761	7
2TBY5:01378:01485	1	0.0327761	7
2TBY5:01377:02112	1	0.0327761	7
2TBY5:01374:02669	1	0.0327761	7
2TBY5:01374:01559	1	0.0327761	7
2TBY5:01373:02982	1	0.0327761	7
2TBY5:01372:02030	1	0.0327761	7
2TBY5:01371:02732	1	0.0327761	7
2TBY5:01370:02701	1	0.0327761	7
2TBY5:01369:03215	1	0.0327761	7
2TBY5:01369:00750	1	0.0327761	7
2TBY5:01367:03176	1	0.0327761	7
2TBY5:01367:01997	1	0.0327761	7
2TBY5:01366:01549	1	0.0327761	7
2TBY5:01365:02885	1	0.0327761	7
2TBY5:01364:02231	1	0.0327761	7
2TBY5:01363:01586	1	0.0327761	7
2TBY5:01362:01957	1	0.0327761	7
2TBY5:01361:03032	1	0.0327761	7
2TBY5:01361:02984	1	0.0327761	7
2TBY5:01360:01804	1	0.0327761	7
2TBY5:01359:01913	1	0.0327761	7
2TBY5:01359:01558	1	0.0327761	7
2TBY5:01357:01515	1	0.0327761	7
2TBY5:01355:02654	1	0.0327761	7
2TBY5:01354:02176	1	0.0327761	7
2TBY5:01354:01374	1	0.0327761	7
2TBY5:01352:01560	1	0.0327761	7
2TBY5:01351:01822	1	0.0327761	7
2TBY5:01350:01150	1	0.0327761	7
2TBY5:01346:02998	1	0.0327761	7
2TBY5:01345:03054	1	0.0327761	7
2TBY5:01344:01736	1	0.0327761	7
2TBY5:01343:00662	1	0.0327761	7
2TBY5:01342:03255	1	0.0327761	7
2TBY5:01339:03056	1	0.0327761	7
2TBY5:01331:02593	1	0.0327761	7
2TBY5:01329:02740	1	0.0327761	7
2TBY5:01329:02619	1	0.0327761	7
2TBY5:01328:02046	1	0.0327761	7
2TBY5:01327:02751	1	0.0327761	7
2TBY5:01327:01579	1	0.0327761	7
2TBY5:01324:02382	1	0.0327761	7
2TBY5:01324:01556	1	0.0327761	7
2TBY5:01324:01365	1	0.0327761	7
2TBY5:01323:01050	1	0.0327761	7
2TBY5:01322:03214	1	0.0327761	7
2TBY5:01321:01810	1	0.0327761	7
2TBY5:01321:00726	1	0.0327761	7
2TBY5:01317:02045	1	0.0327761	7
2TBY5:01316:01976	1	0.0327761	7
2TBY5:01315:02274	1	0.0327761	7
2TBY5:01311:02471	1	0.0327761	7
2TBY5:01309:00814	1	0.0327761	7
2TBY5:01308:01911	1	0.0327761	7
2TBY5:01306:02955	1	0.0327761	7
2TBY5:01306:01871	1	0.0327761	7
2TBY5:01304:01417	1	0.0327761	7
2TBY5:01303:02615	1	0.0327761	7
2TBY5:01303:01787	1	0.0327761	7
2TBY5:01302:02774	1	0.0327761	7
2TBY5:01302:02173	1	0.0327761	7
2TBY5:01299:00779	1	0.0327761	7
2TBY5:01297:01451	1	0.0327761	7
2TBY5:01296:02631	1	0.0327761	7
2TBY5:01296:00943	1	0.0327761	7
2TBY5:01294:02673	1	0.0327761	7
2TBY5:01293:01191	1	0.0327761	7
2TBY5:01291:02657	1	0.0327761	7
2TBY5:01291:01317	1	0.0327761	7
2TBY5:01287:02959	1	0.0327761	7
2TBY5:01287:01618	1	0.0327761	7
2TBY5:01286:02528	1	0.0327761	7
2TBY5:01285:02861	1	0.0327761	7
2TBY5:01277:01842	1	0.0327761	7
2TBY5:01277:01619	1	0.0327761	7
2TBY5:01275:02001	1	0.0327761	7
2TBY5:01274:02903	1	0.0327761	7
2TBY5:01270:02159	1	0.0327761	7
2TBY5:01266:02074	1	0.0327761	7
2TBY5:01265:03183	1	0.0327761	7
2TBY5:01265:02268	1	0.0327761	7
2TBY5:01265:01361	1	0.0327761	7
2TBY5:01260:01300	1	0.0327761	7
2TBY5:01259:02979	1	0.0327761	7
2TBY5:01259:02043	1	0.0327761	7
2TBY5:01258:03329	1	0.0327761	7
2TBY5:01257:01821	1	0.0327761	7
2TBY5:01255:01546	1	0.0327761	7
2TBY5:01254:03166	1	0.0327761	7
2TBY5:01254:02697	1	0.0327761	7
2TBY5:01251:01296	1	0.0327761	7
2TBY5:01249:02838	1	0.0327761	7
2TBY5:01249:02719	1	0.0327761	7
2TBY5:01244:03153	1	0.0327761	7
2TBY5:01242:02869	1	0.0327761	7
2TBY5:01239:02473	1	0.0327761	7
2TBY5:01235:01442	1	0.0327761	7
2TBY5:01233:02305	1	0.0327761	7
2TBY5:01232:01046	1	0.0327761	7
2TBY5:01231:01337	1	0.0327761	7
2TBY5:01231:01053	1	0.0327761	7
2TBY5:01230:03139	1	0.0327761	7
2TBY5:01227:02653	1	0.0327761	7
2TBY5:01225:02431	1	0.0327761	7
2TBY5:01224:01761	1	0.0327761	7
2TBY5:01224:00912	1	0.0327761	7
2TBY5:01223:02532	1	0.0327761	7
2TBY5:01222:03281	1	0.0327761	7
2TBY5:01222:02998	1	0.0327761	7
2TBY5:01222:00804	1	0.0327761	7
2TBY5:01221:01850	1	0.0327761	7
2TBY5:01207:02870	1	0.0327761	7
2TBY5:01207:02795	1	0.0327761	7
2TBY5:01207:02789	1	0.0327761	7
2TBY5:01202:02859	1	0.0327761	7
2TBY5:01202:02050	1	0.0327761	7
2TBY5:01198:02439	1	0.0327761	7
2TBY5:01195:02002	1	0.0327761	7
2TBY5:01194:02223	1	0.0327761	7
2TBY5:01194:01420	1	0.0327761	7
2TBY5:01193:02821	1	0.0327761	7
2TBY5:01192:01593	1	0.0327761	7
2TBY5:01192:00956	1	0.0327761	7
2TBY5:01191:00931	1	0.0327761	7
2TBY5:01188:02929	1	0.0327761	7
2TBY5:01188:02765	1	0.0327761	7
2TBY5:01188:02428	1	0.0327761	7
2TBY5:01188:02019	1	0.0327761	7
2TBY5:01188:01029	1	0.0327761	7
2TBY5:01183:03202	1	0.0327761	7
2TBY5:01182:01146	1	0.0327761	7
2TBY5:01180:03338	1	0.0327761	7
2TBY5:01180:01167	1	0.0327761	7
2TBY5:01177:02168	1	0.0327761	7
2TBY5:01177:01910	1	0.0327761	7
2TBY5:01176:01769	1	0.0327761	7
2TBY5:01175:01559	1	0.0327761	7
2TBY5:01174:01694	1	0.0327761	7
2TBY5:01174:00931	1	0.0327761	7
2TBY5:01173:02925	1	0.0327761	7
2TBY5:01173:01395	1	0.0327761	7
2TBY5:01172:01657	1	0.0327761	7
2TBY5:01170:02537	1	0.0327761	7
2TBY5:01168:02781	1	0.0327761	7
2TBY5:01164:03308	1	0.0327761	7
2TBY5:01163:02197	1	0.0327761	7
2TBY5:01163:01616	1	0.0327761	7
2TBY5:01163:01255	1	0.0327761	7
2TBY5:01162:01574	1	0.0327761	7
2TBY5:01161:01339	1	0.0327761	7
2TBY5:01155:02828	1	0.0327761	7
2TBY5:01154:02094	1	0.0327761	7
2TBY5:01152:03338	1	0.0327761	7
2TBY5:01151:02659	1	0.0327761	7
2TBY5:01151:00999	1	0.0327761	7
2TBY5:01149:03329	1	0.0327761	7
2TBY5:01146:01700	1	0.0327761	7
2TBY5:01145:01615	1	0.0327761	7
2TBY5:01144:02641	1	0.0327761	7
2TBY5:01144:01776	1	0.0327761	7
2TBY5:01143:02601	1	0.0327761	7
2TBY5:01142:01027	1	0.0327761	7
2TBY5:01138:02316	1	0.0327761	7
2TBY5:01135:01967	1	0.0327761	7
2TBY5:01133:02370	1	0.0327761	7
2TBY5:01128:01288	1	0.0327761	7
2TBY5:01125:02713	1	0.0327761	7
2TBY5:01123:03322	1	0.0327761	7
2TBY5:01122:02298	1	0.0327761	7
2TBY5:01122:01448	1	0.0327761	7
2TBY5:01122:01034	1	0.0327761	7
2TBY5:01117:00919	1	0.0327761	7
2TBY5:01116:03216	1	0.0327761	7
2TBY5:01116:01294	1	0.0327761	7
2TBY5:01113:01663	1	0.0327761	7
2TBY5:01108:03320	1	0.0327761	7
2TBY5:01107:01563	1	0.0327761	7
2TBY5:01107:01226	1	0.0327761	7
2TBY5:01099:02386	1	0.0327761	7
2TBY5:01098:01577	1	0.0327761	7
2TBY5:01097:01330	1	0.0327761	7
2TBY5:01094:01473	1	0.0327761	7
2TBY5:01093:02058	1	0.0327761	7
2TBY5:01092:02724	1	0.0327761	7
2TBY5:01091:00978	1	0.0327761	7
2TBY5:01089:02650	1	0.0327761	7
2TBY5:01089:01634	1	0.0327761	7
2TBY5:01086:02928	1	0.0327761	7
2TBY5:01083:01918	1	0.0327761	7
2TBY5:01079:02796	1	0.0327761	7
2TBY5:01079:01596	1	0.0327761	7
2TBY5:01079:01490	1	0.0327761	7
2TBY5:01075:01967	1	0.0327761	7
2TBY5:01074:01788	1	0.0327761	7
2TBY5:01073:01130	1	0.0327761	7
2TBY5:01070:02252	1	0.0327761	7
2TBY5:01070:01058	1	0.0327761	7
2TBY5:01069:02332	1	0.0327761	7
2TBY5:01069:00976	1	0.0327761	7
2TBY5:01063:01771	1	0.0327761	7
2TBY5:01060:01529	1	0.0327761	7
2TBY5:01059:02795	1	0.0327761	7
2TBY5:01057:00975	1	0.0327761	7
2TBY5:01052:01957	1	0.0327761	7
2TBY5:01052:01760	1	0.0327761	7
2TBY5:01050:01815	1	0.0327761	7
2TBY5:01050:00978	1	0.0327761	7
2TBY5:01048:02179	1	0.0327761	7
2TBY5:01043:01616	1	0.0327761	7
2TBY5:01043:01278	1	0.0327761	7
2TBY5:01040:03188	1	0.0327761	7
2TBY5:01040:01183	1	0.0327761	7
2TBY5:01038:02002	1	0.0327761	7
2TBY5:01035:02854	1	0.0327761	7
2TBY5:01034:02063	1	0.0327761	7
2TBY5:01034:01337	1	0.0327761	7
2TBY5:01033:02354	1	0.0327761	7
2TBY5:01030:01032	1	0.0327761	7
2TBY5:01025:00941	1	0.0327761	7
2TBY5:01023:02420	1	0.0327761	7
2TBY5:01022:01832	1	0.0327761	7
2TBY5:01020:02688	1	0.0327761	7
2TBY5:01020:01020	1	0.0327761	7
2TBY5:01019:03139	1	0.0327761	7
2TBY5:01019:01821	1	0.0327761	7
2TBY5:01018:03234	1	0.0327761	7
2TBY5:01018:01993	1	0.0327761	7
2TBY5:01015:03288	1	0.0327761	7
2TBY5:01015:01220	1	0.0327761	7
2TBY5:01013:00960	1	0.0327761	7
2TBY5:01006:02815	1	0.0327761	7
2TBY5:01002:02741	1	0.0327761	7
2TBY5:01001:01870	1	0.0327761	7
2TBY5:00998:01777	1	0.0327761	7
2TBY5:00997:01811	1	0.0327761	7
2TBY5:00996:02710	1	0.0327761	7
2TBY5:00996:01882	1	0.0327761	7
2TBY5:00992:02752	1	0.0327761	7
2TBY5:00992:01214	1	0.0327761	7
2TBY5:00990:01670	1	0.0327761	7
2TBY5:00988:01513	1	0.0327761	7
2TBY5:00986:02998	1	0.0327761	7
2TBY5:00985:02875	1	0.0327761	7
2TBY5:00982:03169	1	0.0327761	7
2TBY5:00979:01937	1	0.0327761	7
2TBY5:00978:02754	1	0.0327761	7
2TBY5:00975:01850	1	0.0327761	7
2TBY5:00974:01192	1	0.0327761	7
2TBY5:00974:01086	1	0.0327761	7
2TBY5:00972:01392	1	0.0327761	7
2TBY5:00970:03187	1	0.0327761	7
2TBY5:00970:01422	1	0.0327761	7
2TBY5:00968:01481	1	0.0327761	7
2TBY5:00966:02420	1	0.0327761	7
2TBY5:00965:03002	1	0.0327761	7
2TBY5:00965:02050	1	0.0327761	7
2TBY5:00965:01332	1	0.0327761	7
2TBY5:00965:01074	1	0.0327761	7
2TBY5:00962:01588	1	0.0327761	7
2TBY5:00962:01501	1	0.0327761	7
2TBY5:00961:01797	1	0.0327761	7
2TBY5:00960:02197	1	0.0327761	7
2TBY5:00960:01942	1	0.0327761	7
2TBY5:00960:01254	1	0.0327761	7
2TBY5:00960:01189	1	0.0327761	7
2TBY5:00960:00910	1	0.0327761	7
2TBY5:00959:01374	1	0.0327761	7
2TBY5:00958:01988	1	0.0327761	7
2TBY5:00955:01992	1	0.0327761	7
2TBY5:00955:01698	1	0.0327761	7
2TBY5:00954:02877	1	0.0327761	7
2TBY5:00950:01432	1	0.0327761	7
2TBY5:00947:02970	1	0.0327761	7
2TBY5:00943:02885	1	0.0327761	7
2TBY5:00943:02144	1	0.0327761	7
2TBY5:00943:01978	1	0.0327761	7
2TBY5:00942:01935	1	0.0327761	7
2TBY5:00941:01638	1	0.0327761	7
2TBY5:00939:02044	1	0.0327761	7
2TBY5:00939:01559	1	0.0327761	7
2TBY5:00939:01422	1	0.0327761	7
2TBY5:00939:01324	1	0.0327761	7
2TBY5:00938:03046	1	0.0327761	7
2TBY5:00938:01956	1	0.0327761	7
2TBY5:00938:01457	1	0.0327761	7
2TBY5:00935:02861	1	0.0327761	7
2TBY5:00934:02683	1	0.0327761	7
2TBY5:00934:02213	1	0.0327761	7
2TBY5:00931:03258	1	0.0327761	7
2TBY5:00931:02549	1	0.0327761	7
2TBY5:00927:01321	1	0.0327761	7
2TBY5:00923:00992	1	0.0327761	7
2TBY5:00922:02459	1	0.0327761	7
2TBY5:00921:02846	1	0.0327761	7
2TBY5:00919:02870	1	0.0327761	7
2TBY5:00919:00977	1	0.0327761	7
2TBY5:00919:00952	1	0.0327761	7
2TBY5:00917:03030	1	0.0327761	7
2TBY5:00915:02512	1	0.0327761	7
2TBY5:00913:02135	1	0.0327761	7
2TBY5:00911:02356	1	0.0327761	7
2TBY5:00911:02239	1	0.0327761	7
2TBY5:00909:01143	1	0.0327761	7
2TBY5:00908:02909	1	0.0327761	7
2TBY5:00908:01357	1	0.0327761	7
2TBY5:00907:03051	1	0.0327761	7
2TBY5:00903:03220	1	0.0327761	7
2TBY5:00903:02087	1	0.0327761	7
2TBY5:00902:01529	1	0.0327761	7
2TBY5:00901:02485	1	0.0327761	7
2TBY5:00899:02504	1	0.0327761	7
2TBY5:00896:02660	1	0.0327761	7
2TBY5:00895:03038	1	0.0327761	7
2TBY5:00895:01509	1	0.0327761	7
2TBY5:00894:02820	1	0.0327761	7
2TBY5:00894:02044	1	0.0327761	7
2TBY5:00893:02463	1	0.0327761	7
2TBY5:00892:01517	1	0.0327761	7
2TBY5:00891:02895	1	0.0327761	7
2TBY5:00891:02006	1	0.0327761	7
2TBY5:00889:02760	1	0.0327761	7
2TBY5:00886:03216	1	0.0327761	7
2TBY5:00886:03040	1	0.0327761	7
2TBY5:00885:02431	1	0.0327761	7
2TBY5:00885:00992	1	0.0327761	7
2TBY5:00882:02842	1	0.0327761	7
2TBY5:00879:02936	1	0.0327761	7
2TBY5:00879:01856	1	0.0327761	7
2TBY5:00878:01550	1	0.0327761	7
2TBY5:00877:01278	1	0.0327761	7
2TBY5:00875:02648	1	0.0327761	7
2TBY5:00875:02539	1	0.0327761	7
2TBY5:00873:03086	1	0.0327761	7
2TBY5:00872:02251	1	0.0327761	7
2TBY5:00870:02651	1	0.0327761	7
2TBY5:00870:00921	1	0.0327761	7
2TBY5:00869:02089	1	0.0327761	7
2TBY5:00867:02771	1	0.0327761	7
2TBY5:00865:02572	1	0.0327761	7
2TBY5:00864:01733	1	0.0327761	7
2TBY5:00863:02886	1	0.0327761	7
2TBY5:00863:02511	1	0.0327761	7
2TBY5:00863:02194	1	0.0327761	7
2TBY5:00861:02485	1	0.0327761	7
2TBY5:00861:02033	1	0.0327761	7
2TBY5:00860:01941	1	0.0327761	7
2TBY5:00860:01097	1	0.0327761	7
2TBY5:00858:01641	1	0.0327761	7
2TBY5:00857:01360	1	0.0327761	7
2TBY5:00856:02236	1	0.0327761	7
2TBY5:00855:01985	1	0.0327761	7
2TBY5:00854:01864	1	0.0327761	7
2TBY5:00854:01510	1	0.0327761	7
2TBY5:00851:01766	1	0.0327761	7
2TBY5:00849:01984	1	0.0327761	7
2TBY5:00848:02987	1	0.0327761	7
2TBY5:00846:01852	1	0.0327761	7
2TBY5:00842:02602	1	0.0327761	7
2TBY5:00838:01637	1	0.0327761	7
2TBY5:00837:03085	1	0.0327761	7
2TBY5:00837:02490	1	0.0327761	7
2TBY5:00837:01830	1	0.0327761	7
2TBY5:00836:02547	1	0.0327761	7
2TBY5:00836:02437	1	0.0327761	7
2TBY5:00836:01108	1	0.0327761	7
2TBY5:00834:02181	1	0.0327761	7
2TBY5:00833:01770	1	0.0327761	7
2TBY5:00833:01602	1	0.0327761	7
2TBY5:00832:02706	1	0.0327761	7
2TBY5:00825:01596	1	0.0327761	7
2TBY5:00824:02952	1	0.0327761	7
2TBY5:00823:03212	1	0.0327761	7
2TBY5:00821:02039	1	0.0327761	7
2TBY5:00820:01884	1	0.0327761	7
2TBY5:00820:01784	1	0.0327761	7
2TBY5:00820:01566	1	0.0327761	7
2TBY5:00819:02602	1	0.0327761	7
2TBY5:00819:02312	1	0.0327761	7
2TBY5:00815:02780	1	0.0327761	7
2TBY5:00812:02517	1	0.0327761	7
2TBY5:00810:02231	1	0.0327761	7
2TBY5:00810:01464	1	0.0327761	7
2TBY5:00809:02331	1	0.0327761	7
2TBY5:00808:02503	1	0.0327761	7
2TBY5:00806:02916	1	0.0327761	7
2TBY5:00803:02868	1	0.0327761	7
2TBY5:00802:02675	1	0.0327761	7
2TBY5:00801:02139	1	0.0327761	7
2TBY5:00799:01728	1	0.0327761	7
2TBY5:00797:01544	1	0.0327761	7
2TBY5:00794:01072	1	0.0327761	7
2TBY5:00793:01392	1	0.0327761	7
2TBY5:00792:02827	1	0.0327761	7
2TBY5:00789:02384	1	0.0327761	7
2TBY5:00787:02852	1	0.0327761	7
2TBY5:00786:02795	1	0.0327761	7
2TBY5:00786:02016	1	0.0327761	7
2TBY5:00784:02229	1	0.0327761	7
2TBY5:00784:01032	1	0.0327761	7
2TBY5:00780:01107	1	0.0327761	7
2TBY5:00779:01607	1	0.0327761	7
2TBY5:00778:01623	1	0.0327761	7
2TBY5:00778:01438	1	0.0327761	7
2TBY5:00778:01033	1	0.0327761	7
2TBY5:00777:02611	1	0.0327761	7
2TBY5:00776:02710	1	0.0327761	7
2TBY5:00775:02579	1	0.0327761	7
2TBY5:00772:02129	1	0.0327761	7
2TBY5:00769:03009	1	0.0327761	7
2TBY5:00765:03156	1	0.0327761	7
2TBY5:00765:01637	1	0.0327761	7
2TBY5:00761:01694	1	0.0327761	7
2TBY5:00760:01793	1	0.0327761	7
2TBY5:00758:01701	1	0.0327761	7
2TBY5:00750:01442	1	0.0327761	7
2TBY5:00745:02553	1	0.0327761	7
2TBY5:00745:02331	1	0.0327761	7
2TBY5:00743:02697	1	0.0327761	7
2TBY5:00742:03214	1	0.0327761	7
2TBY5:00739:01974	1	0.0327761	7
2TBY5:00734:01896	1	0.0327761	7
2TBY5:00733:02553	1	0.0327761	7
2TBY5:00730:02128	1	0.0327761	7
2TBY5:00727:01380	1	0.0327761	7
2TBY5:00726:01514	1	0.0327761	7
2TBY5:00725:02621	1	0.0327761	7
2TBY5:00725:02290	1	0.0327761	7
2TBY5:00725:00984	1	0.0327761	7
2TBY5:00724:02693	1	0.0327761	7
2TBY5:00724:02473	1	0.0327761	7
2TBY5:00722:02335	1	0.0327761	7
2TBY5:00720:01865	1	0.0327761	7
2TBY5:00715:02704	1	0.0327761	7
2TBY5:00714:01039	1	0.0327761	7
2TBY5:00713:02961	1	0.0327761	7
2TBY5:00713:02922	1	0.0327761	7
2TBY5:00713:01684	1	0.0327761	7
2TBY5:00712:02690	1	0.0327761	7
2TBY5:00711:01710	1	0.0327761	7
2TBY5:00709:03109	1	0.0327761	7
2TBY5:00708:02901	1	0.0327761	7
2TBY5:00708:02223	1	0.0327761	7
2TBY5:00708:00875	1	0.0327761	7
2TBY5:00707:01689	1	0.0327761	7
2TBY5:00705:03208	1	0.0327761	7
2TBY5:00705:01501	1	0.0327761	7
2TBY5:00703:01019	1	0.0327761	7
2TBY5:00702:01706	1	0.0327761	7
2TBY5:00701:01650	1	0.0327761	7
2TBY5:00698:02624	1	0.0327761	7
2TBY5:00696:02677	1	0.0327761	7
2TBY5:00696:02156	1	0.0327761	7
2TBY5:00694:01157	1	0.0327761	7
2TBY5:00693:02517	1	0.0327761	7
2TBY5:00692:02912	1	0.0327761	7
2TBY5:00692:02894	1	0.0327761	7
2TBY5:00689:02640	1	0.0327761	7
2TBY5:00687:03069	1	0.0327761	7
2TBY5:00685:01134	1	0.0327761	7
2TBY5:00684:02029	1	0.0327761	7
2TBY5:00683:01058	1	0.0327761	7
2TBY5:00681:02621	1	0.0327761	7
2TBY5:00681:02348	1	0.0327761	7
2TBY5:00680:02098	1	0.0327761	7
2TBY5:00679:03169	1	0.0327761	7
2TBY5:00679:02337	1	0.0327761	7
2TBY5:00677:02205	1	0.0327761	7
2TBY5:00676:01372	1	0.0327761	7
2TBY5:00674:01340	1	0.0327761	7
2TBY5:00672:02310	1	0.0327761	7
2TBY5:00672:01513	1	0.0327761	7
2TBY5:00672:01117	1	0.0327761	7
2TBY5:00669:01297	1	0.0327761	7
2TBY5:00668:01620	1	0.0327761	7
2TBY5:00666:02106	1	0.0327761	7
2TBY5:00665:01462	1	0.0327761	7
2TBY5:00662:02541	1	0.0327761	7
2TBY5:00661:02205	1	0.0327761	7
2TBY5:00659:02580	1	0.0327761	7
2TBY5:00659:02079	1	0.0327761	7
2TBY5:00657:02797	1	0.0327761	7
2TBY5:00657:01339	1	0.0327761	7
2TBY5:00655:02119	1	0.0327761	7
2TBY5:00650:02984	1	0.0327761	7
2TBY5:00650:02433	1	0.0327761	7
2TBY5:00649:01520	1	0.0327761	7
2TBY5:00649:01265	1	0.0327761	7
2TBY5:00648:01294	1	0.0327761	7
2TBY5:00647:02749	1	0.0327761	7
2TBY5:00647:01701	1	0.0327761	7
2TBY5:00643:02594	1	0.0327761	7
2TBY5:00640:01503	1	0.0327761	7
2TBY5:00639:01121	1	0.0327761	7
2TBY5:00638:02684	1	0.0327761	7
2TBY5:00637:02321	1	0.0327761	7
2TBY5:00637:01312	1	0.0327761	7
2TBY5:00636:01379	1	0.0327761	7
2TBY5:00634:02939	1	0.0327761	7
2TBY5:00634:01243	1	0.0327761	7
2TBY5:00633:01920	1	0.0327761	7
2TBY5:00629:02616	1	0.0327761	7
2TBY5:00622:02422	1	0.0327761	7
2TBY5:00622:02146	1	0.0327761	7
2TBY5:00621:01567	1	0.0327761	7
2TBY5:00620:02535	1	0.0327761	7
2TBY5:00619:02650	1	0.0327761	7
2TBY5:00619:02337	1	0.0327761	7
2TBY5:00619:01979	1	0.0327761	7
2TBY5:00619:01867	1	0.0327761	7
2TBY5:00618:01380	1	0.0327761	7
2TBY5:00616:02031	1	0.0327761	7
2TBY5:00614:02007	1	0.0327761	7
2TBY5:00613:02621	1	0.0327761	7
2TBY5:00610:02996	1	0.0327761	7
2TBY5:00609:03099	1	0.0327761	7
2TBY5:00609:02742	1	0.0327761	7
2TBY5:00608:02670	1	0.0327761	7
2TBY5:00607:02621	1	0.0327761	7
2TBY5:00605:01792	1	0.0327761	7
2TBY5:00605:01345	1	0.0327761	7
2TBY5:00603:02655	1	0.0327761	7
2TBY5:00603:01631	1	0.0327761	7
2TBY5:00595:01433	1	0.0327761	7
2TBY5:00594:02800	1	0.0327761	7
2TBY5:00593:02194	1	0.0327761	7
2TBY5:00592:01609	1	0.0327761	7
2TBY5:00590:01959	1	0.0327761	7
2TBY5:00590:01490	1	0.0327761	7
2TBY5:00587:02084	1	0.0327761	7
2TBY5:00585:02713	1	0.0327761	7
2TBY5:00582:03005	1	0.0327761	7
2TBY5:00580:03009	1	0.0327761	7
2TBY5:00580:01840	1	0.0327761	7
2TBY5:00579:01324	1	0.0327761	7
2TBY5:00573:02567	1	0.0327761	7
2TBY5:00573:01843	1	0.0327761	7
2TBY5:00572:01647	1	0.0327761	7
2TBY5:00570:02091	1	0.0327761	7
2TBY5:00566:02763	1	0.0327761	7
2TBY5:00564:01459	1	0.0327761	7
2TBY5:00562:01150	1	0.0327761	7
2TBY5:00560:01700	1	0.0327761	7
2TBY5:00558:02557	1	0.0327761	7
2TBY5:00555:01985	1	0.0327761	7
2TBY5:00551:02043	1	0.0327761	7
2TBY5:00551:00941	1	0.0327761	7
2TBY5:00548:02160	1	0.0327761	7
2TBY5:00548:01379	1	0.0327761	7
2TBY5:00548:00933	1	0.0327761	7
2TBY5:00547:01241	1	0.0327761	7
2TBY5:00545:00887	1	0.0327761	7
2TBY5:00544:00890	1	0.0327761	7
2TBY5:00543:02739	1	0.0327761	7
2TBY5:00539:02853	1	0.0327761	7
2TBY5:00538:02164	1	0.0327761	7
2TBY5:00536:02945	1	0.0327761	7
2TBY5:00535:00993	1	0.0327761	7
2TBY5:00533:02287	1	0.0327761	7
2TBY5:00531:02912	1	0.0327761	7
2TBY5:00531:02620	1	0.0327761	7
2TBY5:00531:02331	1	0.0327761	7
2TBY5:00528:02559	1	0.0327761	7
2TBY5:00527:01063	1	0.0327761	7
2TBY5:00527:00899	1	0.0327761	7
2TBY5:00522:01713	1	0.0327761	7
2TBY5:00521:01976	1	0.0327761	7
2TBY5:00520:01609	1	0.0327761	7
2TBY5:00519:00873	1	0.0327761	7
2TBY5:00517:02293	1	0.0327761	7
2TBY5:00516:01252	1	0.0327761	7
2TBY5:00511:02463	1	0.0327761	7
2TBY5:00510:01653	1	0.0327761	7
2TBY5:00505:02400	1	0.0327761	7
2TBY5:00504:02822	1	0.0327761	7
2TBY5:00504:00950	1	0.0327761	7
2TBY5:00501:01532	1	0.0327761	7
2TBY5:00499:02130	1	0.0327761	7
2TBY5:00498:02521	1	0.0327761	7
2TBY5:00496:01225	1	0.0327761	7
2TBY5:00494:02322	1	0.0327761	7
2TBY5:00494:02149	1	0.0327761	7
2TBY5:00494:01053	1	0.0327761	7
2TBY5:00493:02649	1	0.0327761	7
2TBY5:00493:00936	1	0.0327761	7
2TBY5:00493:00843	1	0.0327761	7
2TBY5:00490:02570	1	0.0327761	7
2TBY5:00490:02187	1	0.0327761	7
2TBY5:00489:01811	1	0.0327761	7
2TBY5:00484:01679	1	0.0327761	7
2TBY5:00484:01615	1	0.0327761	7
2TBY5:00483:01110	1	0.0327761	7
2TBY5:00481:02288	1	0.0327761	7
2TBY5:00478:02471	1	0.0327761	7
2TBY5:00477:02796	1	0.0327761	7
2TBY5:00477:02676	1	0.0327761	7
2TBY5:00475:03025	1	0.0327761	7
2TBY5:00475:02643	1	0.0327761	7
2TBY5:00473:02378	1	0.0327761	7
2TBY5:00472:02709	1	0.0327761	7
2TBY5:00472:02559	1	0.0327761	7
2TBY5:00472:02167	1	0.0327761	7
2TBY5:00470:01865	1	0.0327761	7
2TBY5:00470:01549	1	0.0327761	7
2TBY5:00468:02392	1	0.0327761	7
2TBY5:00468:01326	1	0.0327761	7
2TBY5:00468:00781	1	0.0327761	7
2TBY5:00467:01359	1	0.0327761	7
2TBY5:00464:02361	1	0.0327761	7
2TBY5:00464:02133	1	0.0327761	7
2TBY5:00463:02836	1	0.0327761	7
2TBY5:00463:01740	1	0.0327761	7
2TBY5:00461:02943	1	0.0327761	7
2TBY5:00461:00789	1	0.0327761	7
2TBY5:00457:02942	1	0.0327761	7
2TBY5:00456:00774	1	0.0327761	7
2TBY5:00455:02727	1	0.0327761	7
2TBY5:00453:01242	1	0.0327761	7
2TBY5:00451:02785	1	0.0327761	7
2TBY5:00451:01852	1	0.0327761	7
2TBY5:00450:02384	1	0.0327761	7
2TBY5:00449:01924	1	0.0327761	7
2TBY5:00449:01270	1	0.0327761	7
2TBY5:00446:01347	1	0.0327761	7
2TBY5:00445:02981	1	0.0327761	7
2TBY5:00445:02271	1	0.0327761	7
2TBY5:00443:01566	1	0.0327761	7
2TBY5:00438:01092	1	0.0327761	7
2TBY5:00436:01568	1	0.0327761	7
2TBY5:00435:01517	1	0.0327761	7
2TBY5:00432:02552	1	0.0327761	7
2TBY5:00428:00807	1	0.0327761	7
2TBY5:00427:00931	1	0.0327761	7
2TBY5:00423:02417	1	0.0327761	7
2TBY5:00422:01096	1	0.0327761	7
2TBY5:00421:02031	1	0.0327761	7
2TBY5:00420:01470	1	0.0327761	7
2TBY5:00413:02246	1	0.0327761	7
2TBY5:00413:02140	1	0.0327761	7
2TBY5:00412:01009	1	0.0327761	7
2TBY5:00411:00899	1	0.0327761	7
2TBY5:00408:02868	1	0.0327761	7
2TBY5:00404:00962	1	0.0327761	7
2TBY5:00403:01392	1	0.0327761	7
2TBY5:00400:02463	1	0.0327761	7
2TBY5:00400:01630	1	0.0327761	7
2TBY5:00399:01204	1	0.0327761	7
2TBY5:00399:00868	1	0.0327761	7
2TBY5:00397:02162	1	0.0327761	7
2TBY5:00397:02157	1	0.0327761	7
2TBY5:00397:01540	1	0.0327761	7
2TBY5:00396:00748	1	0.0327761	7
2TBY5:00394:02814	1	0.0327761	7
2TBY5:00393:02536	1	0.0327761	7
2TBY5:00393:01516	1	0.0327761	7
2TBY5:00392:01929	1	0.0327761	7
2TBY5:00384:00847	1	0.0327761	7
2TBY5:00383:00831	1	0.0327761	7
2TBY5:00382:01029	1	0.0327761	7
2TBY5:00379:02123	1	0.0327761	7
2TBY5:00379:00752	1	0.0327761	7
2TBY5:00378:02237	1	0.0327761	7
2TBY5:00377:01729	1	0.0327761	7
2TBY5:00374:02440	1	0.0327761	7
2TBY5:00373:01311	1	0.0327761	7
2TBY5:00372:01191	1	0.0327761	7
2TBY5:00372:01172	1	0.0327761	7
2TBY5:00367:02023	1	0.0327761	7
2TBY5:00366:02610	1	0.0327761	7
2TBY5:00366:01587	1	0.0327761	7
2TBY5:00362:02409	1	0.0327761	7
2TBY5:00361:01197	1	0.0327761	7
2TBY5:00360:02059	1	0.0327761	7
2TBY5:00360:01053	1	0.0327761	7
2TBY5:00359:01832	1	0.0327761	7
2TBY5:00353:02687	1	0.0327761	7
2TBY5:00353:02332	1	0.0327761	7
2TBY5:00351:02572	1	0.0327761	7
2TBY5:00351:01381	1	0.0327761	7
2TBY5:00350:00774	1	0.0327761	7
2TBY5:00348:02797	1	0.0327761	7
2TBY5:00348:02115	1	0.0327761	7
2TBY5:00348:00993	1	0.0327761	7
2TBY5:00346:00892	1	0.0327761	7
2TBY5:00345:01287	1	0.0327761	7
2TBY5:00345:01279	1	0.0327761	7
2TBY5:00345:00852	1	0.0327761	7
2TBY5:00341:02556	1	0.0327761	7
2TBY5:00341:02551	1	0.0327761	7
2TBY5:00341:02096	1	0.0327761	7
2TBY5:00335:02893	1	0.0327761	7
2TBY5:00335:01832	1	0.0327761	7
2TBY5:00334:00931	1	0.0327761	7
2TBY5:00332:00850	1	0.0327761	7
2TBY5:00331:02790	1	0.0327761	7
2TBY5:00331:01818	1	0.0327761	7
2TBY5:00330:02737	1	0.0327761	7
2TBY5:00330:01836	1	0.0327761	7
2TBY5:00329:00927	1	0.0327761	7
2TBY5:00317:02261	1	0.0327761	7
2TBY5:00317:01541	1	0.0327761	7
2TBY5:00315:01215	1	0.0327761	7
2TBY5:00314:01810	1	0.0327761	7
2TBY5:00310:01567	1	0.0327761	7
2TBY5:00308:01168	1	0.0327761	7
2TBY5:00307:01327	1	0.0327761	7
2TBY5:00305:01260	1	0.0327761	7
2TBY5:00303:02087	1	0.0327761	7
2TBY5:00302:02022	1	0.0327761	7
2TBY5:00302:01437	1	0.0327761	7
2TBY5:00300:02421	1	0.0327761	7
2TBY5:00300:02407	1	0.0327761	7
2TBY5:00300:02294	1	0.0327761	7
2TBY5:00296:01055	1	0.0327761	7
2TBY5:00295:02173	1	0.0327761	7
2TBY5:00292:02331	1	0.0327761	7
2TBY5:00292:01525	1	0.0327761	7
2TBY5:00292:01383	1	0.0327761	7
2TBY5:00291:02393	1	0.0327761	7
2TBY5:00291:00926	1	0.0327761	7
2TBY5:00290:02390	1	0.0327761	7
2TBY5:00288:02246	1	0.0327761	7
2TBY5:00282:02708	1	0.0327761	7
2TBY5:00279:01020	1	0.0327761	7
2TBY5:00278:01431	1	0.0327761	7
2TBY5:00277:01391	1	0.0327761	7
2TBY5:00276:01743	1	0.0327761	7
2TBY5:00276:01377	1	0.0327761	7
2TBY5:00274:02619	1	0.0327761	7
2TBY5:00274:01576	1	0.0327761	7
2TBY5:00269:00777	1	0.0327761	7
2TBY5:00267:02098	1	0.0327761	7
2TBY5:00266:02697	1	0.0327761	7
2TBY5:00265:01552	1	0.0327761	7
2TBY5:00263:02068	1	0.0327761	7
2TBY5:00260:02242	1	0.0327761	7
2TBY5:00260:01601	1	0.0327761	7
2TBY5:00259:01068	1	0.0327761	7
2TBY5:00257:00672	1	0.0327761	7
2TBY5:00249:01077	1	0.0327761	7
2TBY5:00246:02456	1	0.0327761	7
2TBY5:00246:02389	1	0.0327761	7
2TBY5:00246:02111	1	0.0327761	7
2TBY5:00244:02678	1	0.0327761	7
2TBY5:00244:00743	1	0.0327761	7
2TBY5:00242:02347	1	0.0327761	7
2TBY5:00242:02080	1	0.0327761	7
2TBY5:00242:01336	1	0.0327761	7
2TBY5:00240:00972	1	0.0327761	7
2TBY5:00239:01368	1	0.0327761	7
2TBY5:00231:02764	1	0.0327761	7
2TBY5:00231:01835	1	0.0327761	7
2TBY5:00230:01243	1	0.0327761	7
2TBY5:00227:00835	1	0.0327761	7
2TBY5:00226:02674	1	0.0327761	7
2TBY5:00226:01877	1	0.0327761	7
2TBY5:00225:01223	1	0.0327761	7
2TBY5:00224:00824	1	0.0327761	7
2TBY5:00222:00691	1	0.0327761	7
2TBY5:00221:02150	1	0.0327761	7
2TBY5:00221:01175	1	0.0327761	7
2TBY5:00220:02104	1	0.0327761	7
2TBY5:00219:01599	1	0.0327761	7
2TBY5:00217:02617	1	0.0327761	7
2TBY5:00214:02727	1	0.0327761	7
2TBY5:00210:02205	1	0.0327761	7
2TBY5:00210:02054	1	0.0327761	7
2TBY5:00210:00696	1	0.0327761	7
2TBY5:00208:02496	1	0.0327761	7
2TBY5:00208:00740	1	0.0327761	7
2TBY5:00207:02412	1	0.0327761	7
2TBY5:00206:00827	1	0.0327761	7
2TBY5:00205:02033	1	0.0327761	7
2TBY5:00205:01770	1	0.0327761	7
2TBY5:00204:01817	1	0.0327761	7
2TBY5:00203:01966	1	0.0327761	7
2TBY5:00199:01081	1	0.0327761	7
2TBY5:00198:02470	1	0.0327761	7
2TBY5:00198:01652	1	0.0327761	7
2TBY5:00196:02241	1	0.0327761	7
2TBY5:00195:00694	1	0.0327761	7
2TBY5:00193:01457	1	0.0327761	7
2TBY5:00193:01398	1	0.0327761	7
2TBY5:00193:01308	1	0.0327761	7
2TBY5:00190:02257	1	0.0327761	7
2TBY5:00190:01015	1	0.0327761	7
2TBY5:00190:00839	1	0.0327761	7
2TBY5:00189:01884	1	0.0327761	7
2TBY5:00181:02639	1	0.0327761	7
2TBY5:00180:02083	1	0.0327761	7
2TBY5:00179:01570	1	0.0327761	7
2TBY5:00178:02076	1	0.0327761	7
2TBY5:00175:02000	1	0.0327761	7
2TBY5:00170:01099	1	0.0327761	7
2TBY5:00168:02406	1	0.0327761	7
2TBY5:00168:01744	1	0.0327761	7
2TBY5:00167:00837	1	0.0327761	7
2TBY5:00166:02058	1	0.0327761	7
2TBY5:00165:01648	1	0.0327761	7
2TBY5:00164:01348	1	0.0327761	7
2TBY5:00164:00813	1	0.0327761	7
2TBY5:00162:01599	1	0.0327761	7
2TBY5:00161:02601	1	0.0327761	7
2TBY5:00160:02175	1	0.0327761	7
2TBY5:00158:01034	1	0.0327761	7
2TBY5:00151:02095	1	0.0327761	7
2TBY5:00142:00764	1	0.0327761	7
2TBY5:00140:02505	1	0.0327761	7
2TBY5:00140:01231	1	0.0327761	7
2TBY5:00139:01545	1	0.0327761	7
2TBY5:00136:01092	1	0.0327761	7
2TBY5:00136:01078	1	0.0327761	7
2TBY5:00132:02203	1	0.0327761	7
2TBY5:00132:00731	1	0.0327761	7
2TBY5:00131:02466	1	0.0327761	7
2TBY5:00130:02344	1	0.0327761	7
2TBY5:00130:01706	1	0.0327761	7
2TBY5:00128:02375	1	0.0327761	7
2TBY5:00127:02394	1	0.0327761	7
2TBY5:00127:00816	1	0.0327761	7
2TBY5:00125:02530	1	0.0327761	7
2TBY5:00124:02257	1	0.0327761	7
2TBY5:00124:01934	1	0.0327761	7
2TBY5:00121:00678	1	0.0327761	7
2TBY5:00119:01932	1	0.0327761	7
2TBY5:00119:01151	1	0.0327761	7
2TBY5:00117:01320	1	0.0327761	7
2TBY5:00115:01475	1	0.0327761	7
2TBY5:00114:01477	1	0.0327761	7
2TBY5:00113:01020	1	0.0327761	7
2TBY5:00112:01449	1	0.0327761	7
2TBY5:00110:01691	1	0.0327761	7
2TBY5:00110:00828	1	0.0327761	7
2TBY5:00106:01780	1	0.0327761	7
2TBY5:00104:01818	1	0.0327761	7
2TBY5:00103:00786	1	0.0327761	7
2TBY5:00102:01357	1	0.0327761	7
2TBY5:00101:02482	1	0.0327761	7
2TBY5:00101:00718	1	0.0327761	7
2TBY5:00101:00518	1	0.0327761	7
2TBY5:00095:01486	1	0.0327761	7
2TBY5:00092:00833	1	0.0327761	7
2TBY5:00089:02349	1	0.0327761	7
2TBY5:00087:02272	1	0.0327761	7
2TBY5:00083:02427	1	0.0327761	7
2TBY5:00082:01968	1	0.0327761	7
2TBY5:00082:00995	1	0.0327761	7
2TBY5:00081:00663	1	0.0327761	7
2TBY5:00080:00834	1	0.0327761	7
2TBY5:00079:02010	1	0.0327761	7
2TBY5:00076:00969	1	0.0327761	7
2TBY5:00075:02363	1	0.0327761	7
2TBY5:00072:00685	1	0.0327761	7
2TBY5:00071:01424	1	0.0327761	7
2TBY5:00070:00567	1	0.0327761	7
2TBY5:00068:01684	1	0.0327761	7
2TBY5:00068:00978	1	0.0327761	7
2TBY5:00067:00615	1	0.0327761	7
2TBY5:00065:00894	1	0.0327761	7
2TBY5:00063:01302	1	0.0327761	7
2TBY5:00063:01267	1	0.0327761	7
2TBY5:00059:02015	1	0.0327761	7
2TBY5:00057:01007	1	0.0327761	7
2TBY5:00054:00942	1	0.0327761	7
2TBY5:00051:01038	1	0.0327761	7
2TBY5:00050:01315	1	0.0327761	7
2TBY5:00049:01163	1	0.0327761	7
2TBY5:00048:02279	1	0.0327761	7
2TBY5:00046:00690	1	0.0327761	7
2TBY5:00045:02304	1	0.0327761	7
2TBY5:00045:01266	1	0.0327761	7
2TBY5:00044:00969	1	0.0327761	7
2TBY5:00043:01457	1	0.0327761	7
2TBY5:00038:00706	1	0.0327761	7
2TBY5:00035:00828	1	0.0327761	7
2TBY5:00033:01671	1	0.0327761	7
2TBY5:00031:01453	1	0.0327761	7
2TBY5:00027:00638	1	0.0327761	7
2TBY5:00023:02159	1	0.0327761	7
2TBY5:00020:00676	1	0.0327761	7
2TBY5:00018:01548	1	0.0327761	7
2TBY5:00015:01858	1	0.0327761	7
2TBY5:00014:00894	1	0.0327761	7
2TBY5:00013:01315	1	0.0327761	7
2TBY5:00012:02107	1	0.0327761	7
2TBY5:00010:00858	1	0.0327761	7
2TBY5:00007:00825	1	0.0327761	7
2TBY5:00005:02068	1	0.0327761	7
