SPIKE:389	25	0.819403	5
SPIKE:298	24	0.786627	5
SPIKE:264	19	0.622747	5
SPIKE:283	15	0.491642	5
SPIKE:379	10	0.327761	5
SPIKE:363	10	0.327761	5
SPIKE:423	2	0.0655523	5
SPIKE:418	2	0.0655523	5
SPIKE:415	2	0.0655523	5
SPIKE:321	2	0.0655523	5
SPIKE:431	1	0.0327761	5
SPIKE:429	1	0.0327761	5
SPIKE:428	1	0.0327761	5
SPIKE:425	1	0.0327761	5
SPIKE:424	1	0.0327761	5
SPIKE:422	1	0.0327761	5
SPIKE:421	1	0.0327761	5
SPIKE:419	1	0.0327761	5
SPIKE:417	1	0.0327761	5
SPIKE:416	1	0.0327761	5
SPIKE:414	1	0.0327761	5
SPIKE:413	1	0.0327761	5
SPIKE:412	1	0.0327761	5
SPIKE:378	1	0.0327761	5
SPIKE:377	1	0.0327761	5
SPIKE:376	1	0.0327761	5
SPIKE:375	1	0.0327761	5
SPIKE:374	1	0.0327761	5
SPIKE:368	1	0.0327761	5
SPIKE:338	1	0.0327761	5
SPIKE:337	1	0.0327761	5
SPIKE:334	1	0.0327761	5
SPIKE:333	1	0.0327761	5
SPIKE:332	1	0.0327761	5
SPIKE:331	1	0.0327761	5
SPIKE:330	1	0.0327761	5
SPIKE:328	1	0.0327761	5
SPIKE:327	1	0.0327761	5
SPIKE:326	1	0.0327761	5
SPIKE:325	1	0.0327761	5
SPIKE:324	1	0.0327761	5
SPIKE:322	1	0.0327761	5
SPIKE:320	1	0.0327761	5
SPIKE:319	1	0.0327761	5
2TBY5:01292:03361	1	0.0327761	5
