2TBY5:01511:02848	7	0.147866	7
2TBY5:00065:00679	4	0.0844951	7
2TBY5:01516:01441	3	0.0633714	7
2TBY5:00812:01296	3	0.0633714	7
2TBY5:00757:02739	3	0.0633714	7
2TBY5:00737:03040	3	0.0633714	7
2TBY5:00714:01485	3	0.0633714	7
2TBY5:00678:01765	3	0.0633714	7
2TBY5:00672:01749	3	0.0633714	7
2TBY5:00632:01085	3	0.0633714	7
2TBY5:00590:02502	3	0.0633714	7
2TBY5:00499:01911	3	0.0633714	7
2TBY5:00329:01963	3	0.0633714	7
2TBY5:00321:02709	3	0.0633714	7
2TBY5:00319:01383	3	0.0633714	7
2TBY5:00314:00987	3	0.0633714	7
2TBY5:00138:02594	3	0.0633714	7
2TBY5:00072:01796	3	0.0633714	7
2TBY5:02077:01224	2	0.0422476	7
2TBY5:02059:02066	2	0.0422476	7
2TBY5:01932:03340	2	0.0422476	7
2TBY5:01919:03192	2	0.0422476	7
2TBY5:01896:00672	2	0.0422476	7
2TBY5:01872:01991	2	0.0422476	7
2TBY5:01835:03335	2	0.0422476	7
2TBY5:01829:00998	2	0.0422476	7
2TBY5:01817:01599	2	0.0422476	7
2TBY5:01815:02384	2	0.0422476	7
2TBY5:01782:03028	2	0.0422476	7
2TBY5:01730:01279	2	0.0422476	7
2TBY5:01709:00810	2	0.0422476	7
2TBY5:01665:00950	2	0.0422476	7
2TBY5:01664:01034	2	0.0422476	7
2TBY5:01638:00643	2	0.0422476	7
2TBY5:01615:02168	2	0.0422476	7
2TBY5:01602:03295	2	0.0422476	7
2TBY5:01578:02579	2	0.0422476	7
2TBY5:01561:01062	2	0.0422476	7
2TBY5:01549:02474	2	0.0422476	7
2TBY5:01529:01498	2	0.0422476	7
2TBY5:01518:01951	2	0.0422476	7
2TBY5:01515:01920	2	0.0422476	7
2TBY5:01501:02159	2	0.0422476	7
2TBY5:01472:01855	2	0.0422476	7
2TBY5:01403:02257	2	0.0422476	7
2TBY5:01400:02128	2	0.0422476	7
2TBY5:01397:01784	2	0.0422476	7
2TBY5:01386:01603	2	0.0422476	7
2TBY5:01384:02051	2	0.0422476	7
2TBY5:01319:01409	2	0.0422476	7
2TBY5:01289:01290	2	0.0422476	7
2TBY5:01273:01120	2	0.0422476	7
2TBY5:01265:01454	2	0.0422476	7
2TBY5:01197:02799	2	0.0422476	7
2TBY5:01190:01585	2	0.0422476	7
2TBY5:01186:01352	2	0.0422476	7
2TBY5:01176:02729	2	0.0422476	7
2TBY5:01164:02158	2	0.0422476	7
2TBY5:01162:01950	2	0.0422476	7
2TBY5:01101:01738	2	0.0422476	7
2TBY5:01095:02333	2	0.0422476	7
2TBY5:01092:01977	2	0.0422476	7
2TBY5:01079:03162	2	0.0422476	7
2TBY5:01062:01956	2	0.0422476	7
2TBY5:01058:02486	2	0.0422476	7
2TBY5:01022:03236	2	0.0422476	7
2TBY5:01018:02339	2	0.0422476	7
2TBY5:01006:02291	2	0.0422476	7
2TBY5:00994:01686	2	0.0422476	7
2TBY5:00993:03099	2	0.0422476	7
2TBY5:00960:01736	2	0.0422476	7
2TBY5:00939:02883	2	0.0422476	7
2TBY5:00939:00930	2	0.0422476	7
2TBY5:00923:02941	2	0.0422476	7
2TBY5:00878:02646	2	0.0422476	7
2TBY5:00871:02824	2	0.0422476	7
2TBY5:00855:03083	2	0.0422476	7
2TBY5:00841:02369	2	0.0422476	7
2TBY5:00827:01272	2	0.0422476	7
2TBY5:00810:01250	2	0.0422476	7
2TBY5:00809:01874	2	0.0422476	7
2TBY5:00734:01815	2	0.0422476	7
2TBY5:00716:02377	2	0.0422476	7
2TBY5:00687:01017	2	0.0422476	7
2TBY5:00655:03153	2	0.0422476	7
2TBY5:00655:02912	2	0.0422476	7
2TBY5:00647:02658	2	0.0422476	7
2TBY5:00590:01263	2	0.0422476	7
2TBY5:00589:02205	2	0.0422476	7
2TBY5:00576:01545	2	0.0422476	7
2TBY5:00572:03103	2	0.0422476	7
2TBY5:00566:01435	2	0.0422476	7
2TBY5:00560:01059	2	0.0422476	7
2TBY5:00524:02229	2	0.0422476	7
2TBY5:00515:02043	2	0.0422476	7
2TBY5:00503:01763	2	0.0422476	7
2TBY5:00477:02464	2	0.0422476	7
2TBY5:00475:00895	2	0.0422476	7
2TBY5:00453:02690	2	0.0422476	7
2TBY5:00421:02705	2	0.0422476	7
2TBY5:00401:01621	2	0.0422476	7
2TBY5:00380:01238	2	0.0422476	7
2TBY5:00361:02127	2	0.0422476	7
2TBY5:00348:02242	2	0.0422476	7
2TBY5:00319:01500	2	0.0422476	7
2TBY5:00300:01669	2	0.0422476	7
2TBY5:00300:01561	2	0.0422476	7
2TBY5:00294:01597	2	0.0422476	7
2TBY5:00283:02111	2	0.0422476	7
2TBY5:00272:00905	2	0.0422476	7
2TBY5:00263:01616	2	0.0422476	7
2TBY5:00263:00830	2	0.0422476	7
2TBY5:00243:01534	2	0.0422476	7
2TBY5:00239:01606	2	0.0422476	7
2TBY5:00236:01463	2	0.0422476	7
2TBY5:00231:02518	2	0.0422476	7
2TBY5:00225:01672	2	0.0422476	7
2TBY5:00213:01330	2	0.0422476	7
2TBY5:00210:01421	2	0.0422476	7
2TBY5:00200:01065	2	0.0422476	7
2TBY5:00195:01034	2	0.0422476	7
2TBY5:00190:00855	2	0.0422476	7
2TBY5:00187:00883	2	0.0422476	7
2TBY5:00154:01809	2	0.0422476	7
2TBY5:00141:02350	2	0.0422476	7
2TBY5:00136:02382	2	0.0422476	7
2TBY5:00130:00533	2	0.0422476	7
2TBY5:00128:01300	2	0.0422476	7
2TBY5:00117:01592	2	0.0422476	7
2TBY5:00111:00610	2	0.0422476	7
2TBY5:00109:00556	2	0.0422476	7
2TBY5:00088:01655	2	0.0422476	7
2TBY5:00087:01591	2	0.0422476	7
2TBY5:00077:01840	2	0.0422476	7
2TBY5:00073:01658	2	0.0422476	7
2TBY5:00073:00509	2	0.0422476	7
2TBY5:00064:00947	2	0.0422476	7
2TBY5:00060:01048	2	0.0422476	7
2TBY5:00053:00943	2	0.0422476	7
2TBY5:00042:02134	2	0.0422476	7
2TBY5:00035:01861	2	0.0422476	7
2TBY5:00021:00647	2	0.0422476	7
2TBY5:00005:01160	2	0.0422476	7
2TBY5:02115:01886	1	0.0211238	7
2TBY5:02113:02464	1	0.0211238	7
2TBY5:02113:01320	1	0.0211238	7
2TBY5:02111:03157	1	0.0211238	7
2TBY5:02111:02523	1	0.0211238	7
2TBY5:02111:02204	1	0.0211238	7
2TBY5:02107:01897	1	0.0211238	7
2TBY5:02106:02039	1	0.0211238	7
2TBY5:02105:01713	1	0.0211238	7
2TBY5:02099:01294	1	0.0211238	7
2TBY5:02096:02828	1	0.0211238	7
2TBY5:02096:01222	1	0.0211238	7
2TBY5:02095:01146	1	0.0211238	7
2TBY5:02094:01985	1	0.0211238	7
2TBY5:02093:03241	1	0.0211238	7
2TBY5:02091:01633	1	0.0211238	7
2TBY5:02088:01388	1	0.0211238	7
2TBY5:02087:02071	1	0.0211238	7
2TBY5:02086:02487	1	0.0211238	7
2TBY5:02086:01677	1	0.0211238	7
2TBY5:02085:01811	1	0.0211238	7
2TBY5:02083:01317	1	0.0211238	7
2TBY5:02082:02661	1	0.0211238	7
2TBY5:02081:01370	1	0.0211238	7
2TBY5:02077:02261	1	0.0211238	7
2TBY5:02074:02453	1	0.0211238	7
2TBY5:02074:01687	1	0.0211238	7
2TBY5:02070:02909	1	0.0211238	7
2TBY5:02070:02695	1	0.0211238	7
2TBY5:02066:02685	1	0.0211238	7
2TBY5:02065:02974	1	0.0211238	7
2TBY5:02063:02365	1	0.0211238	7
2TBY5:02062:02389	1	0.0211238	7
2TBY5:02062:01569	1	0.0211238	7
2TBY5:02061:01161	1	0.0211238	7
2TBY5:02055:02224	1	0.0211238	7
2TBY5:02053:01407	1	0.0211238	7
2TBY5:02050:01443	1	0.0211238	7
2TBY5:02049:02809	1	0.0211238	7
2TBY5:02049:01307	1	0.0211238	7
2TBY5:02047:02074	1	0.0211238	7
2TBY5:02045:01611	1	0.0211238	7
2TBY5:02044:02810	1	0.0211238	7
2TBY5:02043:03344	1	0.0211238	7
2TBY5:02043:03064	1	0.0211238	7
2TBY5:02043:01103	1	0.0211238	7
2TBY5:02042:01954	1	0.0211238	7
2TBY5:02040:02286	1	0.0211238	7
2TBY5:02038:03369	1	0.0211238	7
2TBY5:02034:02500	1	0.0211238	7
2TBY5:02030:01792	1	0.0211238	7
2TBY5:02028:03336	1	0.0211238	7
2TBY5:02023:01092	1	0.0211238	7
2TBY5:02022:02889	1	0.0211238	7
2TBY5:02020:02696	1	0.0211238	7
2TBY5:02020:01232	1	0.0211238	7
2TBY5:02018:02573	1	0.0211238	7
2TBY5:02007:01468	1	0.0211238	7
2TBY5:02006:03038	1	0.0211238	7
2TBY5:02006:01958	1	0.0211238	7
2TBY5:02006:00969	1	0.0211238	7
2TBY5:02004:02833	1	0.0211238	7
2TBY5:02001:02127	1	0.0211238	7
2TBY5:02001:00841	1	0.0211238	7
2TBY5:01997:00944	1	0.0211238	7
2TBY5:01993:01479	1	0.0211238	7
2TBY5:01992:02759	1	0.0211238	7
2TBY5:01989:01688	1	0.0211238	7
2TBY5:01986:01981	1	0.0211238	7
2TBY5:01984:01808	1	0.0211238	7
2TBY5:01983:01518	1	0.0211238	7
2TBY5:01983:01439	1	0.0211238	7
2TBY5:01982:02182	1	0.0211238	7
2TBY5:01981:02026	1	0.0211238	7
2TBY5:01980:01424	1	0.0211238	7
2TBY5:01978:02316	1	0.0211238	7
2TBY5:01977:02425	1	0.0211238	7
2TBY5:01974:01787	1	0.0211238	7
2TBY5:01970:02395	1	0.0211238	7
2TBY5:01969:03123	1	0.0211238	7
2TBY5:01968:01420	1	0.0211238	7
2TBY5:01967:01868	1	0.0211238	7
2TBY5:01967:01507	1	0.0211238	7
2TBY5:01967:01114	1	0.0211238	7
2TBY5:01964:01369	1	0.0211238	7
2TBY5:01962:03233	1	0.0211238	7
2TBY5:01960:02810	1	0.0211238	7
2TBY5:01958:03137	1	0.0211238	7
2TBY5:01957:02352	1	0.0211238	7
2TBY5:01956:02055	1	0.0211238	7
2TBY5:01955:02929	1	0.0211238	7
2TBY5:01955:02455	1	0.0211238	7
2TBY5:01955:01374	1	0.0211238	7
2TBY5:01955:00988	1	0.0211238	7
2TBY5:01954:01402	1	0.0211238	7
2TBY5:01954:01339	1	0.0211238	7
2TBY5:01952:00950	1	0.0211238	7
2TBY5:01948:02961	1	0.0211238	7
2TBY5:01948:00998	1	0.0211238	7
2TBY5:01944:02938	1	0.0211238	7
2TBY5:01944:01001	1	0.0211238	7
2TBY5:01943:00896	1	0.0211238	7
2TBY5:01942:01585	1	0.0211238	7
2TBY5:01938:01321	1	0.0211238	7
2TBY5:01935:03342	1	0.0211238	7
2TBY5:01935:01696	1	0.0211238	7
2TBY5:01935:00983	1	0.0211238	7
2TBY5:01931:02038	1	0.0211238	7
2TBY5:01931:01342	1	0.0211238	7
2TBY5:01930:02480	1	0.0211238	7
2TBY5:01929:02207	1	0.0211238	7
2TBY5:01925:01567	1	0.0211238	7
2TBY5:01921:01609	1	0.0211238	7
2TBY5:01921:01062	1	0.0211238	7
2TBY5:01914:03209	1	0.0211238	7
2TBY5:01913:01937	1	0.0211238	7
2TBY5:01912:03208	1	0.0211238	7
2TBY5:01912:01417	1	0.0211238	7
2TBY5:01912:01245	1	0.0211238	7
2TBY5:01909:03011	1	0.0211238	7
2TBY5:01908:01613	1	0.0211238	7
2TBY5:01906:02721	1	0.0211238	7
2TBY5:01906:01749	1	0.0211238	7
2TBY5:01906:01013	1	0.0211238	7
2TBY5:01897:01724	1	0.0211238	7
2TBY5:01894:01983	1	0.0211238	7
2TBY5:01893:02470	1	0.0211238	7
2TBY5:01893:01401	1	0.0211238	7
2TBY5:01892:00863	1	0.0211238	7
2TBY5:01888:00653	1	0.0211238	7
2TBY5:01886:02681	1	0.0211238	7
2TBY5:01884:02053	1	0.0211238	7
2TBY5:01883:02804	1	0.0211238	7
2TBY5:01879:01151	1	0.0211238	7
2TBY5:01877:00701	1	0.0211238	7
2TBY5:01876:01653	1	0.0211238	7
2TBY5:01870:01320	1	0.0211238	7
2TBY5:01860:02269	1	0.0211238	7
2TBY5:01855:03370	1	0.0211238	7
2TBY5:01855:02008	1	0.0211238	7
2TBY5:01852:01895	1	0.0211238	7
2TBY5:01846:02896	1	0.0211238	7
2TBY5:01845:01639	1	0.0211238	7
2TBY5:01844:01089	1	0.0211238	7
2TBY5:01841:02464	1	0.0211238	7
2TBY5:01841:00785	1	0.0211238	7
2TBY5:01839:00602	1	0.0211238	7
2TBY5:01838:02124	1	0.0211238	7
2TBY5:01836:01113	1	0.0211238	7
2TBY5:01835:02407	1	0.0211238	7
2TBY5:01833:01780	1	0.0211238	7
2TBY5:01832:00863	1	0.0211238	7
2TBY5:01829:02049	1	0.0211238	7
2TBY5:01829:01286	1	0.0211238	7
2TBY5:01825:02946	1	0.0211238	7
2TBY5:01824:00873	1	0.0211238	7
2TBY5:01823:01266	1	0.0211238	7
2TBY5:01811:01724	1	0.0211238	7
2TBY5:01810:02629	1	0.0211238	7
2TBY5:01809:01580	1	0.0211238	7
2TBY5:01808:03325	1	0.0211238	7
2TBY5:01805:02023	1	0.0211238	7
2TBY5:01804:02025	1	0.0211238	7
2TBY5:01804:01964	1	0.0211238	7
2TBY5:01803:01679	1	0.0211238	7
2TBY5:01800:02706	1	0.0211238	7
2TBY5:01800:00736	1	0.0211238	7
2TBY5:01795:03273	1	0.0211238	7
2TBY5:01795:01553	1	0.0211238	7
2TBY5:01793:02098	1	0.0211238	7
2TBY5:01793:00795	1	0.0211238	7
2TBY5:01790:03158	1	0.0211238	7
2TBY5:01789:02111	1	0.0211238	7
2TBY5:01787:01277	1	0.0211238	7
2TBY5:01787:01201	1	0.0211238	7
2TBY5:01784:03384	1	0.0211238	7
2TBY5:01784:02677	1	0.0211238	7
2TBY5:01784:01726	1	0.0211238	7
2TBY5:01784:00487	1	0.0211238	7
2TBY5:01783:01243	1	0.0211238	7
2TBY5:01781:01480	1	0.0211238	7
2TBY5:01778:02525	1	0.0211238	7
2TBY5:01776:02396	1	0.0211238	7
2TBY5:01776:01996	1	0.0211238	7
2TBY5:01774:01194	1	0.0211238	7
2TBY5:01770:01501	1	0.0211238	7
2TBY5:01769:03153	1	0.0211238	7
2TBY5:01762:00479	1	0.0211238	7
2TBY5:01760:02132	1	0.0211238	7
2TBY5:01756:02282	1	0.0211238	7
2TBY5:01755:01207	1	0.0211238	7
2TBY5:01753:01474	1	0.0211238	7
2TBY5:01751:02310	1	0.0211238	7
2TBY5:01750:01898	1	0.0211238	7
2TBY5:01749:03106	1	0.0211238	7
2TBY5:01748:01988	1	0.0211238	7
2TBY5:01745:03158	1	0.0211238	7
2TBY5:01745:00610	1	0.0211238	7
2TBY5:01742:02227	1	0.0211238	7
2TBY5:01741:02945	1	0.0211238	7
2TBY5:01740:01776	1	0.0211238	7
2TBY5:01739:01130	1	0.0211238	7
2TBY5:01738:02076	1	0.0211238	7
2TBY5:01736:00994	1	0.0211238	7
2TBY5:01732:01436	1	0.0211238	7
2TBY5:01730:02239	1	0.0211238	7
2TBY5:01727:02521	1	0.0211238	7
2TBY5:01726:01465	1	0.0211238	7
2TBY5:01718:01783	1	0.0211238	7
2TBY5:01718:01720	1	0.0211238	7
2TBY5:01717:00797	1	0.0211238	7
2TBY5:01716:01537	1	0.0211238	7
2TBY5:01714:02909	1	0.0211238	7
2TBY5:01713:00696	1	0.0211238	7
2TBY5:01713:00471	1	0.0211238	7
2TBY5:01712:00707	1	0.0211238	7
2TBY5:01709:01427	1	0.0211238	7
2TBY5:01708:00826	1	0.0211238	7
2TBY5:01708:00540	1	0.0211238	7
2TBY5:01707:02570	1	0.0211238	7
2TBY5:01706:01602	1	0.0211238	7
2TBY5:01705:02614	1	0.0211238	7
2TBY5:01704:03048	1	0.0211238	7
2TBY5:01704:02912	1	0.0211238	7
2TBY5:01704:01253	1	0.0211238	7
2TBY5:01704:00855	1	0.0211238	7
2TBY5:01703:02890	1	0.0211238	7
2TBY5:01703:01512	1	0.0211238	7
2TBY5:01701:00709	1	0.0211238	7
2TBY5:01697:01250	1	0.0211238	7
2TBY5:01696:02155	1	0.0211238	7
2TBY5:01696:01435	1	0.0211238	7
2TBY5:01695:02062	1	0.0211238	7
2TBY5:01695:01260	1	0.0211238	7
2TBY5:01695:00863	1	0.0211238	7
2TBY5:01692:01451	1	0.0211238	7
2TBY5:01691:02246	1	0.0211238	7
2TBY5:01690:02691	1	0.0211238	7
2TBY5:01690:00936	1	0.0211238	7
2TBY5:01689:00908	1	0.0211238	7
2TBY5:01684:02139	1	0.0211238	7
2TBY5:01681:01311	1	0.0211238	7
2TBY5:01681:00672	1	0.0211238	7
2TBY5:01679:01671	1	0.0211238	7
2TBY5:01679:01192	1	0.0211238	7
2TBY5:01678:01248	1	0.0211238	7
2TBY5:01674:01127	1	0.0211238	7
2TBY5:01672:02566	1	0.0211238	7
2TBY5:01671:01989	1	0.0211238	7
2TBY5:01671:00478	1	0.0211238	7
2TBY5:01670:02121	1	0.0211238	7
2TBY5:01669:02735	1	0.0211238	7
2TBY5:01669:00759	1	0.0211238	7
2TBY5:01669:00393	1	0.0211238	7
2TBY5:01667:02698	1	0.0211238	7
2TBY5:01667:02678	1	0.0211238	7
2TBY5:01666:02169	1	0.0211238	7
2TBY5:01665:02407	1	0.0211238	7
2TBY5:01664:01683	1	0.0211238	7
2TBY5:01663:01605	1	0.0211238	7
2TBY5:01662:02659	1	0.0211238	7
2TBY5:01660:01285	1	0.0211238	7
2TBY5:01659:01412	1	0.0211238	7
2TBY5:01658:02494	1	0.0211238	7
2TBY5:01658:00515	1	0.0211238	7
2TBY5:01656:03387	1	0.0211238	7
2TBY5:01656:02638	1	0.0211238	7
2TBY5:01654:03310	1	0.0211238	7
2TBY5:01654:02273	1	0.0211238	7
2TBY5:01653:02136	1	0.0211238	7
2TBY5:01652:03009	1	0.0211238	7
2TBY5:01652:01532	1	0.0211238	7
2TBY5:01648:02407	1	0.0211238	7
2TBY5:01648:01732	1	0.0211238	7
2TBY5:01646:01089	1	0.0211238	7
2TBY5:01641:00412	1	0.0211238	7
2TBY5:01638:01386	1	0.0211238	7
2TBY5:01637:02910	1	0.0211238	7
2TBY5:01637:02778	1	0.0211238	7
2TBY5:01636:01830	1	0.0211238	7
2TBY5:01636:01792	1	0.0211238	7
2TBY5:01635:00925	1	0.0211238	7
2TBY5:01632:02073	1	0.0211238	7
2TBY5:01632:01139	1	0.0211238	7
2TBY5:01632:01058	1	0.0211238	7
2TBY5:01630:01374	1	0.0211238	7
2TBY5:01629:02380	1	0.0211238	7
2TBY5:01627:02926	1	0.0211238	7
2TBY5:01625:01897	1	0.0211238	7
2TBY5:01625:01575	1	0.0211238	7
2TBY5:01622:02975	1	0.0211238	7
2TBY5:01621:01896	1	0.0211238	7
2TBY5:01615:02029	1	0.0211238	7
2TBY5:01614:02833	1	0.0211238	7
2TBY5:01614:00894	1	0.0211238	7
2TBY5:01613:00984	1	0.0211238	7
2TBY5:01611:00433	1	0.0211238	7
2TBY5:01610:00832	1	0.0211238	7
2TBY5:01607:01397	1	0.0211238	7
2TBY5:01606:01339	1	0.0211238	7
2TBY5:01601:03293	1	0.0211238	7
2TBY5:01601:02082	1	0.0211238	7
2TBY5:01597:00941	1	0.0211238	7
2TBY5:01596:00785	1	0.0211238	7
2TBY5:01593:00931	1	0.0211238	7
2TBY5:01592:00677	1	0.0211238	7
2TBY5:01591:03019	1	0.0211238	7
2TBY5:01591:01609	1	0.0211238	7
2TBY5:01586:01577	1	0.0211238	7
2TBY5:01584:02639	1	0.0211238	7
2TBY5:01582:01881	1	0.0211238	7
2TBY5:01581:03148	1	0.0211238	7
2TBY5:01579:03029	1	0.0211238	7
2TBY5:01579:01297	1	0.0211238	7
2TBY5:01575:02139	1	0.0211238	7
2TBY5:01575:02127	1	0.0211238	7
2TBY5:01574:02409	1	0.0211238	7
2TBY5:01574:01277	1	0.0211238	7
2TBY5:01574:00987	1	0.0211238	7
2TBY5:01572:01018	1	0.0211238	7
2TBY5:01570:02018	1	0.0211238	7
2TBY5:01569:01671	1	0.0211238	7
2TBY5:01569:00530	1	0.0211238	7
2TBY5:01565:03139	1	0.0211238	7
2TBY5:01565:02300	1	0.0211238	7
2TBY5:01564:02886	1	0.0211238	7
2TBY5:01564:02117	1	0.0211238	7
2TBY5:01561:01762	1	0.0211238	7
2TBY5:01561:00892	1	0.0211238	7
2TBY5:01560:01959	1	0.0211238	7
2TBY5:01558:02013	1	0.0211238	7
2TBY5:01557:02957	1	0.0211238	7
2TBY5:01556:02357	1	0.0211238	7
2TBY5:01556:01621	1	0.0211238	7
2TBY5:01555:02417	1	0.0211238	7
2TBY5:01554:01856	1	0.0211238	7
2TBY5:01553:02356	1	0.0211238	7
2TBY5:01553:02214	1	0.0211238	7
2TBY5:01550:01105	1	0.0211238	7
2TBY5:01549:01188	1	0.0211238	7
2TBY5:01549:00836	1	0.0211238	7
2TBY5:01546:01256	1	0.0211238	7
2TBY5:01545:01802	1	0.0211238	7
2TBY5:01544:03145	1	0.0211238	7
2TBY5:01543:02590	1	0.0211238	7
2TBY5:01542:01851	1	0.0211238	7
2TBY5:01542:00593	1	0.0211238	7
2TBY5:01541:02212	1	0.0211238	7
2TBY5:01541:00777	1	0.0211238	7
2TBY5:01538:01551	1	0.0211238	7
2TBY5:01537:01182	1	0.0211238	7
2TBY5:01536:02158	1	0.0211238	7
2TBY5:01536:01002	1	0.0211238	7
2TBY5:01536:00747	1	0.0211238	7
2TBY5:01535:00941	1	0.0211238	7
2TBY5:01534:00818	1	0.0211238	7
2TBY5:01533:03241	1	0.0211238	7
2TBY5:01532:02501	1	0.0211238	7
2TBY5:01532:00499	1	0.0211238	7
2TBY5:01531:01294	1	0.0211238	7
2TBY5:01530:02468	1	0.0211238	7
2TBY5:01529:02789	1	0.0211238	7
2TBY5:01529:01630	1	0.0211238	7
2TBY5:01528:01499	1	0.0211238	7
2TBY5:01522:02269	1	0.0211238	7
2TBY5:01522:01479	1	0.0211238	7
2TBY5:01522:01261	1	0.0211238	7
2TBY5:01520:02370	1	0.0211238	7
2TBY5:01519:02235	1	0.0211238	7
2TBY5:01517:03043	1	0.0211238	7
2TBY5:01517:02284	1	0.0211238	7
2TBY5:01514:01569	1	0.0211238	7
2TBY5:01511:01701	1	0.0211238	7
2TBY5:01509:01545	1	0.0211238	7
2TBY5:01507:01722	1	0.0211238	7
2TBY5:01507:00832	1	0.0211238	7
2TBY5:01505:00762	1	0.0211238	7
2TBY5:01505:00545	1	0.0211238	7
2TBY5:01499:03187	1	0.0211238	7
2TBY5:01499:02957	1	0.0211238	7
2TBY5:01499:01772	1	0.0211238	7
2TBY5:01499:01115	1	0.0211238	7
2TBY5:01497:02119	1	0.0211238	7
2TBY5:01497:01624	1	0.0211238	7
2TBY5:01496:01523	1	0.0211238	7
2TBY5:01495:02273	1	0.0211238	7
2TBY5:01495:01274	1	0.0211238	7
2TBY5:01495:01110	1	0.0211238	7
2TBY5:01494:01143	1	0.0211238	7
2TBY5:01491:02950	1	0.0211238	7
2TBY5:01488:00621	1	0.0211238	7
2TBY5:01487:03001	1	0.0211238	7
2TBY5:01487:01457	1	0.0211238	7
2TBY5:01487:01433	1	0.0211238	7
2TBY5:01486:02046	1	0.0211238	7
2TBY5:01486:00808	1	0.0211238	7
2TBY5:01485:02134	1	0.0211238	7
2TBY5:01482:01430	1	0.0211238	7
2TBY5:01482:01369	1	0.0211238	7
2TBY5:01482:01230	1	0.0211238	7
2TBY5:01482:01045	1	0.0211238	7
2TBY5:01482:00903	1	0.0211238	7
2TBY5:01480:03123	1	0.0211238	7
2TBY5:01480:01142	1	0.0211238	7
2TBY5:01479:03282	1	0.0211238	7
2TBY5:01479:01280	1	0.0211238	7
2TBY5:01476:02536	1	0.0211238	7
2TBY5:01475:03198	1	0.0211238	7
2TBY5:01475:02388	1	0.0211238	7
2TBY5:01472:01454	1	0.0211238	7
2TBY5:01470:01115	1	0.0211238	7
2TBY5:01470:00970	1	0.0211238	7
2TBY5:01464:01323	1	0.0211238	7
2TBY5:01464:00672	1	0.0211238	7
2TBY5:01463:01728	1	0.0211238	7
2TBY5:01462:02560	1	0.0211238	7
2TBY5:01460:02962	1	0.0211238	7
2TBY5:01460:01071	1	0.0211238	7
2TBY5:01458:01736	1	0.0211238	7
2TBY5:01455:02977	1	0.0211238	7
2TBY5:01455:02745	1	0.0211238	7
2TBY5:01455:01949	1	0.0211238	7
2TBY5:01454:03363	1	0.0211238	7
2TBY5:01454:01336	1	0.0211238	7
2TBY5:01454:01128	1	0.0211238	7
2TBY5:01453:02932	1	0.0211238	7
2TBY5:01452:03303	1	0.0211238	7
2TBY5:01452:02576	1	0.0211238	7
2TBY5:01452:01406	1	0.0211238	7
2TBY5:01448:01484	1	0.0211238	7
2TBY5:01447:02118	1	0.0211238	7
2TBY5:01444:02267	1	0.0211238	7
2TBY5:01441:03197	1	0.0211238	7
2TBY5:01437:02527	1	0.0211238	7
2TBY5:01436:02485	1	0.0211238	7
2TBY5:01435:02003	1	0.0211238	7
2TBY5:01433:02651	1	0.0211238	7
2TBY5:01432:01258	1	0.0211238	7
2TBY5:01431:01110	1	0.0211238	7
2TBY5:01429:02435	1	0.0211238	7
2TBY5:01429:02160	1	0.0211238	7
2TBY5:01429:01657	1	0.0211238	7
2TBY5:01429:01464	1	0.0211238	7
2TBY5:01427:02231	1	0.0211238	7
2TBY5:01426:03078	1	0.0211238	7
2TBY5:01425:00961	1	0.0211238	7
2TBY5:01424:02052	1	0.0211238	7
2TBY5:01424:01802	1	0.0211238	7
2TBY5:01424:00846	1	0.0211238	7
2TBY5:01422:02229	1	0.0211238	7
2TBY5:01422:02161	1	0.0211238	7
2TBY5:01422:01940	1	0.0211238	7
2TBY5:01422:00709	1	0.0211238	7
2TBY5:01421:01383	1	0.0211238	7
2TBY5:01420:02464	1	0.0211238	7
2TBY5:01418:01724	1	0.0211238	7
2TBY5:01417:02143	1	0.0211238	7
2TBY5:01417:01832	1	0.0211238	7
2TBY5:01414:02442	1	0.0211238	7
2TBY5:01413:02963	1	0.0211238	7
2TBY5:01413:02126	1	0.0211238	7
2TBY5:01411:02814	1	0.0211238	7
2TBY5:01411:02700	1	0.0211238	7
2TBY5:01411:01147	1	0.0211238	7
2TBY5:01409:03089	1	0.0211238	7
2TBY5:01409:01186	1	0.0211238	7
2TBY5:01408:02053	1	0.0211238	7
2TBY5:01407:03178	1	0.0211238	7
2TBY5:01405:03026	1	0.0211238	7
2TBY5:01405:02515	1	0.0211238	7
2TBY5:01401:02351	1	0.0211238	7
2TBY5:01398:02471	1	0.0211238	7
2TBY5:01396:03107	1	0.0211238	7
2TBY5:01394:02056	1	0.0211238	7
2TBY5:01393:01934	1	0.0211238	7
2TBY5:01389:02361	1	0.0211238	7
2TBY5:01388:00870	1	0.0211238	7
2TBY5:01385:02248	1	0.0211238	7
2TBY5:01385:01867	1	0.0211238	7
2TBY5:01380:02550	1	0.0211238	7
2TBY5:01380:00835	1	0.0211238	7
2TBY5:01379:01866	1	0.0211238	7
2TBY5:01379:00925	1	0.0211238	7
2TBY5:01378:03035	1	0.0211238	7
2TBY5:01378:02304	1	0.0211238	7
2TBY5:01377:02012	1	0.0211238	7
2TBY5:01370:02580	1	0.0211238	7
2TBY5:01369:00836	1	0.0211238	7
2TBY5:01368:01457	1	0.0211238	7
2TBY5:01366:03150	1	0.0211238	7
2TBY5:01364:02896	1	0.0211238	7
2TBY5:01359:00738	1	0.0211238	7
2TBY5:01357:03283	1	0.0211238	7
2TBY5:01356:03028	1	0.0211238	7
2TBY5:01355:02725	1	0.0211238	7
2TBY5:01354:01230	1	0.0211238	7
2TBY5:01351:02811	1	0.0211238	7
2TBY5:01350:02043	1	0.0211238	7
2TBY5:01345:02735	1	0.0211238	7
2TBY5:01344:02668	1	0.0211238	7
2TBY5:01344:01544	1	0.0211238	7
2TBY5:01343:02266	1	0.0211238	7
2TBY5:01342:02422	1	0.0211238	7
2TBY5:01341:02346	1	0.0211238	7
2TBY5:01341:00965	1	0.0211238	7
2TBY5:01340:01012	1	0.0211238	7
2TBY5:01339:01010	1	0.0211238	7
2TBY5:01338:02819	1	0.0211238	7
2TBY5:01338:01884	1	0.0211238	7
2TBY5:01336:00879	1	0.0211238	7
2TBY5:01333:02757	1	0.0211238	7
2TBY5:01331:01179	1	0.0211238	7
2TBY5:01330:02928	1	0.0211238	7
2TBY5:01328:01600	1	0.0211238	7
2TBY5:01326:02725	1	0.0211238	7
2TBY5:01326:02527	1	0.0211238	7
2TBY5:01325:00793	1	0.0211238	7
2TBY5:01324:02260	1	0.0211238	7
2TBY5:01323:03103	1	0.0211238	7
2TBY5:01322:02780	1	0.0211238	7
2TBY5:01322:02304	1	0.0211238	7
2TBY5:01322:01769	1	0.0211238	7
2TBY5:01322:01213	1	0.0211238	7
2TBY5:01319:02842	1	0.0211238	7
2TBY5:01319:00970	1	0.0211238	7
2TBY5:01317:01697	1	0.0211238	7
2TBY5:01315:00828	1	0.0211238	7
2TBY5:01313:03101	1	0.0211238	7
2TBY5:01313:01635	1	0.0211238	7
2TBY5:01311:02660	1	0.0211238	7
2TBY5:01311:01138	1	0.0211238	7
2TBY5:01310:01212	1	0.0211238	7
2TBY5:01309:03271	1	0.0211238	7
2TBY5:01308:00941	1	0.0211238	7
2TBY5:01303:02555	1	0.0211238	7
2TBY5:01303:01458	1	0.0211238	7
2TBY5:01302:00786	1	0.0211238	7
2TBY5:01301:03041	1	0.0211238	7
2TBY5:01300:02747	1	0.0211238	7
2TBY5:01300:02585	1	0.0211238	7
2TBY5:01300:01799	1	0.0211238	7
2TBY5:01300:01795	1	0.0211238	7
2TBY5:01300:01074	1	0.0211238	7
2TBY5:01299:02550	1	0.0211238	7
2TBY5:01299:02406	1	0.0211238	7
2TBY5:01298:02811	1	0.0211238	7
2TBY5:01296:01621	1	0.0211238	7
2TBY5:01293:01240	1	0.0211238	7
2TBY5:01293:01217	1	0.0211238	7
2TBY5:01293:00883	1	0.0211238	7
2TBY5:01292:02453	1	0.0211238	7
2TBY5:01292:01667	1	0.0211238	7
2TBY5:01292:01564	1	0.0211238	7
2TBY5:01291:01897	1	0.0211238	7
2TBY5:01290:02192	1	0.0211238	7
2TBY5:01290:02111	1	0.0211238	7
2TBY5:01290:01261	1	0.0211238	7
2TBY5:01285:02530	1	0.0211238	7
2TBY5:01285:00830	1	0.0211238	7
2TBY5:01282:01949	1	0.0211238	7
2TBY5:01281:01211	1	0.0211238	7
2TBY5:01280:03097	1	0.0211238	7
2TBY5:01280:01778	1	0.0211238	7
2TBY5:01278:01912	1	0.0211238	7
2TBY5:01277:02696	1	0.0211238	7
2TBY5:01277:00835	1	0.0211238	7
2TBY5:01275:03009	1	0.0211238	7
2TBY5:01275:02222	1	0.0211238	7
2TBY5:01274:01106	1	0.0211238	7
2TBY5:01273:01983	1	0.0211238	7
2TBY5:01272:01231	1	0.0211238	7
2TBY5:01271:02328	1	0.0211238	7
2TBY5:01270:03006	1	0.0211238	7
2TBY5:01270:01200	1	0.0211238	7
2TBY5:01269:01105	1	0.0211238	7
2TBY5:01268:00800	1	0.0211238	7
2TBY5:01267:01721	1	0.0211238	7
2TBY5:01265:00883	1	0.0211238	7
2TBY5:01263:01758	1	0.0211238	7
2TBY5:01262:01565	1	0.0211238	7
2TBY5:01261:02787	1	0.0211238	7
2TBY5:01260:01280	1	0.0211238	7
2TBY5:01258:02703	1	0.0211238	7
2TBY5:01258:02041	1	0.0211238	7
2TBY5:01257:01311	1	0.0211238	7
2TBY5:01252:01465	1	0.0211238	7
2TBY5:01250:01800	1	0.0211238	7
2TBY5:01249:02309	1	0.0211238	7
2TBY5:01247:02021	1	0.0211238	7
2TBY5:01247:01166	1	0.0211238	7
2TBY5:01246:02175	1	0.0211238	7
2TBY5:01243:01216	1	0.0211238	7
2TBY5:01241:01637	1	0.0211238	7
2TBY5:01240:01940	1	0.0211238	7
2TBY5:01239:02980	1	0.0211238	7
2TBY5:01237:02488	1	0.0211238	7
2TBY5:01236:03042	1	0.0211238	7
2TBY5:01234:01051	1	0.0211238	7
2TBY5:01233:03045	1	0.0211238	7
2TBY5:01233:02486	1	0.0211238	7
2TBY5:01233:01558	1	0.0211238	7
2TBY5:01233:00851	1	0.0211238	7
2TBY5:01232:02670	1	0.0211238	7
2TBY5:01231:02259	1	0.0211238	7
2TBY5:01229:01525	1	0.0211238	7
2TBY5:01229:00989	1	0.0211238	7
2TBY5:01226:01136	1	0.0211238	7
2TBY5:01221:02208	1	0.0211238	7
2TBY5:01221:01007	1	0.0211238	7
2TBY5:01218:00952	1	0.0211238	7
2TBY5:01217:02360	1	0.0211238	7
2TBY5:01216:00824	1	0.0211238	7
2TBY5:01215:01110	1	0.0211238	7
2TBY5:01214:01406	1	0.0211238	7
2TBY5:01212:01157	1	0.0211238	7
2TBY5:01210:02744	1	0.0211238	7
2TBY5:01208:01790	1	0.0211238	7
2TBY5:01206:02588	1	0.0211238	7
2TBY5:01206:02501	1	0.0211238	7
2TBY5:01205:02914	1	0.0211238	7
2TBY5:01203:02493	1	0.0211238	7
2TBY5:01203:01868	1	0.0211238	7
2TBY5:01203:01533	1	0.0211238	7
2TBY5:01201:01552	1	0.0211238	7
2TBY5:01200:02456	1	0.0211238	7
2TBY5:01197:01410	1	0.0211238	7
2TBY5:01195:02691	1	0.0211238	7
2TBY5:01192:02836	1	0.0211238	7
2TBY5:01190:02177	1	0.0211238	7
2TBY5:01189:03178	1	0.0211238	7
2TBY5:01189:02945	1	0.0211238	7
2TBY5:01188:01358	1	0.0211238	7
2TBY5:01187:01905	1	0.0211238	7
2TBY5:01184:02029	1	0.0211238	7
2TBY5:01184:01325	1	0.0211238	7
2TBY5:01182:01716	1	0.0211238	7
2TBY5:01182:01636	1	0.0211238	7
2TBY5:01181:03133	1	0.0211238	7
2TBY5:01178:01459	1	0.0211238	7
2TBY5:01176:02978	1	0.0211238	7
2TBY5:01175:02652	1	0.0211238	7
2TBY5:01175:01561	1	0.0211238	7
2TBY5:01174:02219	1	0.0211238	7
2TBY5:01171:01542	1	0.0211238	7
2TBY5:01170:01055	1	0.0211238	7
2TBY5:01169:02757	1	0.0211238	7
2TBY5:01168:02281	1	0.0211238	7
2TBY5:01168:00987	1	0.0211238	7
2TBY5:01166:02947	1	0.0211238	7
2TBY5:01163:02512	1	0.0211238	7
2TBY5:01161:01055	1	0.0211238	7
2TBY5:01159:02766	1	0.0211238	7
2TBY5:01159:01573	1	0.0211238	7
2TBY5:01158:02440	1	0.0211238	7
2TBY5:01157:02025	1	0.0211238	7
2TBY5:01156:03264	1	0.0211238	7
2TBY5:01156:02853	1	0.0211238	7
2TBY5:01156:01451	1	0.0211238	7
2TBY5:01155:03019	1	0.0211238	7
2TBY5:01155:02079	1	0.0211238	7
2TBY5:01155:01214	1	0.0211238	7
2TBY5:01154:02384	1	0.0211238	7
2TBY5:01150:02089	1	0.0211238	7
2TBY5:01149:02222	1	0.0211238	7
2TBY5:01145:01243	1	0.0211238	7
2TBY5:01143:01426	1	0.0211238	7
2TBY5:01142:02855	1	0.0211238	7
2TBY5:01137:01138	1	0.0211238	7
2TBY5:01136:03120	1	0.0211238	7
2TBY5:01134:02777	1	0.0211238	7
2TBY5:01134:01503	1	0.0211238	7
2TBY5:01133:02727	1	0.0211238	7
2TBY5:01133:02613	1	0.0211238	7
2TBY5:01133:02220	1	0.0211238	7
2TBY5:01130:01701	1	0.0211238	7
2TBY5:01126:01182	1	0.0211238	7
2TBY5:01125:02840	1	0.0211238	7
2TBY5:01124:01710	1	0.0211238	7
2TBY5:01122:01800	1	0.0211238	7
2TBY5:01121:01042	1	0.0211238	7
2TBY5:01119:03116	1	0.0211238	7
2TBY5:01117:02573	1	0.0211238	7
2TBY5:01117:02261	1	0.0211238	7
2TBY5:01117:01444	1	0.0211238	7
2TBY5:01116:01543	1	0.0211238	7
2TBY5:01116:01388	1	0.0211238	7
2TBY5:01115:01780	1	0.0211238	7
2TBY5:01113:02389	1	0.0211238	7
2TBY5:01113:01758	1	0.0211238	7
2TBY5:01112:02763	1	0.0211238	7
2TBY5:01109:03114	1	0.0211238	7
2TBY5:01109:01870	1	0.0211238	7
2TBY5:01108:01425	1	0.0211238	7
2TBY5:01107:02162	1	0.0211238	7
2TBY5:01107:01548	1	0.0211238	7
2TBY5:01106:01092	1	0.0211238	7
2TBY5:01105:03242	1	0.0211238	7
2TBY5:01104:03211	1	0.0211238	7
2TBY5:01103:01769	1	0.0211238	7
2TBY5:01102:03300	1	0.0211238	7
2TBY5:01102:02734	1	0.0211238	7
2TBY5:01102:01213	1	0.0211238	7
2TBY5:01101:01929	1	0.0211238	7
2TBY5:01100:02555	1	0.0211238	7
2TBY5:01100:01449	1	0.0211238	7
2TBY5:01095:02752	1	0.0211238	7
2TBY5:01092:01907	1	0.0211238	7
2TBY5:01091:03153	1	0.0211238	7
2TBY5:01091:01548	1	0.0211238	7
2TBY5:01088:02657	1	0.0211238	7
2TBY5:01085:02475	1	0.0211238	7
2TBY5:01085:01183	1	0.0211238	7
2TBY5:01084:01325	1	0.0211238	7
2TBY5:01081:02964	1	0.0211238	7
2TBY5:01080:03007	1	0.0211238	7
2TBY5:01079:03123	1	0.0211238	7
2TBY5:01078:03304	1	0.0211238	7
2TBY5:01078:01750	1	0.0211238	7
2TBY5:01078:01115	1	0.0211238	7
2TBY5:01077:03328	1	0.0211238	7
2TBY5:01077:01252	1	0.0211238	7
2TBY5:01075:02858	1	0.0211238	7
2TBY5:01073:02915	1	0.0211238	7
2TBY5:01072:02176	1	0.0211238	7
2TBY5:01070:02566	1	0.0211238	7
2TBY5:01070:01665	1	0.0211238	7
2TBY5:01070:01389	1	0.0211238	7
2TBY5:01069:01203	1	0.0211238	7
2TBY5:01068:01136	1	0.0211238	7
2TBY5:01067:02349	1	0.0211238	7
2TBY5:01064:01959	1	0.0211238	7
2TBY5:01064:01683	1	0.0211238	7
2TBY5:01060:03064	1	0.0211238	7
2TBY5:01060:02715	1	0.0211238	7
2TBY5:01057:01699	1	0.0211238	7
2TBY5:01057:01646	1	0.0211238	7
2TBY5:01051:01321	1	0.0211238	7
2TBY5:01050:02060	1	0.0211238	7
2TBY5:01045:01994	1	0.0211238	7
2TBY5:01044:02996	1	0.0211238	7
2TBY5:01044:02179	1	0.0211238	7
2TBY5:01041:02933	1	0.0211238	7
2TBY5:01041:02653	1	0.0211238	7
2TBY5:01036:01262	1	0.0211238	7
2TBY5:01031:02316	1	0.0211238	7
2TBY5:01029:01332	1	0.0211238	7
2TBY5:01028:01595	1	0.0211238	7
2TBY5:01025:02319	1	0.0211238	7
2TBY5:01024:02303	1	0.0211238	7
2TBY5:01023:02092	1	0.0211238	7
2TBY5:01022:01767	1	0.0211238	7
2TBY5:01021:02224	1	0.0211238	7
2TBY5:01020:01376	1	0.0211238	7
2TBY5:01019:02706	1	0.0211238	7
2TBY5:01016:02863	1	0.0211238	7
2TBY5:01016:02345	1	0.0211238	7
2TBY5:01016:02116	1	0.0211238	7
2TBY5:01016:01943	1	0.0211238	7
2TBY5:01012:01961	1	0.0211238	7
2TBY5:01012:01026	1	0.0211238	7
2TBY5:01008:01426	1	0.0211238	7
2TBY5:01007:01112	1	0.0211238	7
2TBY5:01005:01462	1	0.0211238	7
2TBY5:01003:01327	1	0.0211238	7
2TBY5:01000:02341	1	0.0211238	7
2TBY5:00999:03323	1	0.0211238	7
2TBY5:00999:01603	1	0.0211238	7
2TBY5:00998:02293	1	0.0211238	7
2TBY5:00998:01721	1	0.0211238	7
2TBY5:00997:02968	1	0.0211238	7
2TBY5:00997:01764	1	0.0211238	7
2TBY5:00996:01808	1	0.0211238	7
2TBY5:00996:01198	1	0.0211238	7
2TBY5:00995:03264	1	0.0211238	7
2TBY5:00991:02344	1	0.0211238	7
2TBY5:00990:02855	1	0.0211238	7
2TBY5:00990:02515	1	0.0211238	7
2TBY5:00989:03164	1	0.0211238	7
2TBY5:00989:01476	1	0.0211238	7
2TBY5:00988:01447	1	0.0211238	7
2TBY5:00988:01035	1	0.0211238	7
2TBY5:00987:02952	1	0.0211238	7
2TBY5:00983:02314	1	0.0211238	7
2TBY5:00983:01936	1	0.0211238	7
2TBY5:00975:02885	1	0.0211238	7
2TBY5:00973:02650	1	0.0211238	7
2TBY5:00972:01974	1	0.0211238	7
2TBY5:00971:02950	1	0.0211238	7
2TBY5:00970:03245	1	0.0211238	7
2TBY5:00970:01303	1	0.0211238	7
2TBY5:00968:03121	1	0.0211238	7
2TBY5:00965:01694	1	0.0211238	7
2TBY5:00962:01740	1	0.0211238	7
2TBY5:00960:02314	1	0.0211238	7
2TBY5:00960:01398	1	0.0211238	7
2TBY5:00958:01513	1	0.0211238	7
2TBY5:00957:01715	1	0.0211238	7
2TBY5:00956:02999	1	0.0211238	7
2TBY5:00955:02487	1	0.0211238	7
2TBY5:00955:01590	1	0.0211238	7
2TBY5:00952:02958	1	0.0211238	7
2TBY5:00947:03155	1	0.0211238	7
2TBY5:00947:01602	1	0.0211238	7
2TBY5:00946:01869	1	0.0211238	7
2TBY5:00942:02113	1	0.0211238	7
2TBY5:00938:01978	1	0.0211238	7
2TBY5:00938:01555	1	0.0211238	7
2TBY5:00937:02240	1	0.0211238	7
2TBY5:00934:01617	1	0.0211238	7
2TBY5:00933:01042	1	0.0211238	7
2TBY5:00932:00992	1	0.0211238	7
2TBY5:00931:01549	1	0.0211238	7
2TBY5:00927:02583	1	0.0211238	7
2TBY5:00925:02966	1	0.0211238	7
2TBY5:00924:02590	1	0.0211238	7
2TBY5:00923:03292	1	0.0211238	7
2TBY5:00923:01761	1	0.0211238	7
2TBY5:00920:02158	1	0.0211238	7
2TBY5:00920:01803	1	0.0211238	7
2TBY5:00920:01081	1	0.0211238	7
2TBY5:00919:01965	1	0.0211238	7
2TBY5:00916:01262	1	0.0211238	7
2TBY5:00914:02379	1	0.0211238	7
2TBY5:00912:02947	1	0.0211238	7
2TBY5:00912:01579	1	0.0211238	7
2TBY5:00908:03031	1	0.0211238	7
2TBY5:00908:02418	1	0.0211238	7
2TBY5:00907:01830	1	0.0211238	7
2TBY5:00902:03170	1	0.0211238	7
2TBY5:00901:02697	1	0.0211238	7
2TBY5:00897:03160	1	0.0211238	7
2TBY5:00897:02168	1	0.0211238	7
2TBY5:00896:01416	1	0.0211238	7
2TBY5:00895:01954	1	0.0211238	7
2TBY5:00894:02366	1	0.0211238	7
2TBY5:00892:02158	1	0.0211238	7
2TBY5:00891:01544	1	0.0211238	7
2TBY5:00886:02517	1	0.0211238	7
2TBY5:00886:01007	1	0.0211238	7
2TBY5:00885:01722	1	0.0211238	7
2TBY5:00884:01050	1	0.0211238	7
2TBY5:00882:02074	1	0.0211238	7
2TBY5:00880:01707	1	0.0211238	7
2TBY5:00876:00918	1	0.0211238	7
2TBY5:00873:01840	1	0.0211238	7
2TBY5:00872:02144	1	0.0211238	7
2TBY5:00872:00918	1	0.0211238	7
2TBY5:00871:02014	1	0.0211238	7
2TBY5:00869:02472	1	0.0211238	7
2TBY5:00868:02316	1	0.0211238	7
2TBY5:00867:01455	1	0.0211238	7
2TBY5:00867:01278	1	0.0211238	7
2TBY5:00866:01734	1	0.0211238	7
2TBY5:00865:01039	1	0.0211238	7
2TBY5:00864:02627	1	0.0211238	7
2TBY5:00864:00932	1	0.0211238	7
2TBY5:00863:02427	1	0.0211238	7
2TBY5:00863:01975	1	0.0211238	7
2TBY5:00861:02902	1	0.0211238	7
2TBY5:00861:01200	1	0.0211238	7
2TBY5:00860:02043	1	0.0211238	7
2TBY5:00859:02924	1	0.0211238	7
2TBY5:00857:02584	1	0.0211238	7
2TBY5:00856:01073	1	0.0211238	7
2TBY5:00855:02699	1	0.0211238	7
2TBY5:00855:02014	1	0.0211238	7
2TBY5:00847:02618	1	0.0211238	7
2TBY5:00845:01500	1	0.0211238	7
2TBY5:00843:00954	1	0.0211238	7
2TBY5:00842:01138	1	0.0211238	7
2TBY5:00835:01896	1	0.0211238	7
2TBY5:00833:02403	1	0.0211238	7
2TBY5:00831:01476	1	0.0211238	7
2TBY5:00826:02621	1	0.0211238	7
2TBY5:00825:01082	1	0.0211238	7
2TBY5:00824:02865	1	0.0211238	7
2TBY5:00824:02030	1	0.0211238	7
2TBY5:00822:00913	1	0.0211238	7
2TBY5:00821:01753	1	0.0211238	7
2TBY5:00819:02083	1	0.0211238	7
2TBY5:00819:01798	1	0.0211238	7
2TBY5:00818:03002	1	0.0211238	7
2TBY5:00817:02169	1	0.0211238	7
2TBY5:00816:02710	1	0.0211238	7
2TBY5:00815:01307	1	0.0211238	7
2TBY5:00813:02077	1	0.0211238	7
2TBY5:00812:02427	1	0.0211238	7
2TBY5:00811:02275	1	0.0211238	7
2TBY5:00811:01123	1	0.0211238	7
2TBY5:00809:02423	1	0.0211238	7
2TBY5:00808:01463	1	0.0211238	7
2TBY5:00806:02163	1	0.0211238	7
2TBY5:00805:01265	1	0.0211238	7
2TBY5:00803:01626	1	0.0211238	7
2TBY5:00802:01255	1	0.0211238	7
2TBY5:00802:01227	1	0.0211238	7
2TBY5:00800:01399	1	0.0211238	7
2TBY5:00798:01817	1	0.0211238	7
2TBY5:00796:02606	1	0.0211238	7
2TBY5:00795:02043	1	0.0211238	7
2TBY5:00793:02785	1	0.0211238	7
2TBY5:00793:02731	1	0.0211238	7
2TBY5:00793:02149	1	0.0211238	7
2TBY5:00793:01583	1	0.0211238	7
2TBY5:00792:01750	1	0.0211238	7
2TBY5:00792:01045	1	0.0211238	7
2TBY5:00790:02347	1	0.0211238	7
2TBY5:00788:03083	1	0.0211238	7
2TBY5:00787:01695	1	0.0211238	7
2TBY5:00784:01013	1	0.0211238	7
2TBY5:00783:01368	1	0.0211238	7
2TBY5:00782:02359	1	0.0211238	7
2TBY5:00782:01358	1	0.0211238	7
2TBY5:00782:01177	1	0.0211238	7
2TBY5:00779:03038	1	0.0211238	7
2TBY5:00773:01383	1	0.0211238	7
2TBY5:00770:02838	1	0.0211238	7
2TBY5:00770:02828	1	0.0211238	7
2TBY5:00769:02953	1	0.0211238	7
2TBY5:00768:01539	1	0.0211238	7
2TBY5:00767:01991	1	0.0211238	7
2TBY5:00764:01027	1	0.0211238	7
2TBY5:00761:01164	1	0.0211238	7
2TBY5:00759:02093	1	0.0211238	7
2TBY5:00758:01019	1	0.0211238	7
2TBY5:00755:02300	1	0.0211238	7
2TBY5:00753:02952	1	0.0211238	7
2TBY5:00752:02364	1	0.0211238	7
2TBY5:00752:01785	1	0.0211238	7
2TBY5:00751:01792	1	0.0211238	7
2TBY5:00751:01267	1	0.0211238	7
2TBY5:00748:00941	1	0.0211238	7
2TBY5:00747:01285	1	0.0211238	7
2TBY5:00746:02145	1	0.0211238	7
2TBY5:00744:02616	1	0.0211238	7
2TBY5:00744:01595	1	0.0211238	7
2TBY5:00743:02665	1	0.0211238	7
2TBY5:00743:01641	1	0.0211238	7
2TBY5:00739:01770	1	0.0211238	7
2TBY5:00737:01844	1	0.0211238	7
2TBY5:00737:01603	1	0.0211238	7
2TBY5:00735:02030	1	0.0211238	7
2TBY5:00734:00973	1	0.0211238	7
2TBY5:00732:02692	1	0.0211238	7
2TBY5:00731:02539	1	0.0211238	7
2TBY5:00730:01767	1	0.0211238	7
2TBY5:00729:02132	1	0.0211238	7
2TBY5:00726:03103	1	0.0211238	7
2TBY5:00726:02604	1	0.0211238	7
2TBY5:00726:02368	1	0.0211238	7
2TBY5:00724:02640	1	0.0211238	7
2TBY5:00719:02527	1	0.0211238	7
2TBY5:00718:01769	1	0.0211238	7
2TBY5:00717:01331	1	0.0211238	7
2TBY5:00716:03020	1	0.0211238	7
2TBY5:00716:02803	1	0.0211238	7
2TBY5:00716:01843	1	0.0211238	7
2TBY5:00714:01982	1	0.0211238	7
2TBY5:00713:01146	1	0.0211238	7
2TBY5:00712:01147	1	0.0211238	7
2TBY5:00711:01137	1	0.0211238	7
2TBY5:00710:02541	1	0.0211238	7
2TBY5:00710:01168	1	0.0211238	7
2TBY5:00707:01094	1	0.0211238	7
2TBY5:00704:01675	1	0.0211238	7
2TBY5:00702:01609	1	0.0211238	7
2TBY5:00701:02455	1	0.0211238	7
2TBY5:00701:02048	1	0.0211238	7
2TBY5:00701:01844	1	0.0211238	7
2TBY5:00699:01607	1	0.0211238	7
2TBY5:00698:02839	1	0.0211238	7
2TBY5:00697:03165	1	0.0211238	7
2TBY5:00696:02080	1	0.0211238	7
2TBY5:00695:02350	1	0.0211238	7
2TBY5:00695:02153	1	0.0211238	7
2TBY5:00693:03190	1	0.0211238	7
2TBY5:00691:02609	1	0.0211238	7
2TBY5:00682:02888	1	0.0211238	7
2TBY5:00679:01660	1	0.0211238	7
2TBY5:00679:01418	1	0.0211238	7
2TBY5:00678:02064	1	0.0211238	7
2TBY5:00677:02577	1	0.0211238	7
2TBY5:00677:01825	1	0.0211238	7
2TBY5:00676:01222	1	0.0211238	7
2TBY5:00674:01158	1	0.0211238	7
2TBY5:00673:03010	1	0.0211238	7
2TBY5:00672:01305	1	0.0211238	7
2TBY5:00671:02693	1	0.0211238	7
2TBY5:00671:02455	1	0.0211238	7
2TBY5:00669:02231	1	0.0211238	7
2TBY5:00664:01912	1	0.0211238	7
2TBY5:00661:02129	1	0.0211238	7
2TBY5:00660:02233	1	0.0211238	7
2TBY5:00659:02573	1	0.0211238	7
2TBY5:00659:02550	1	0.0211238	7
2TBY5:00656:01615	1	0.0211238	7
2TBY5:00656:01410	1	0.0211238	7
2TBY5:00656:01217	1	0.0211238	7
2TBY5:00655:02811	1	0.0211238	7
2TBY5:00651:01904	1	0.0211238	7
2TBY5:00651:01402	1	0.0211238	7
2TBY5:00649:01979	1	0.0211238	7
2TBY5:00643:02174	1	0.0211238	7
2TBY5:00643:00920	1	0.0211238	7
2TBY5:00642:02705	1	0.0211238	7
2TBY5:00641:02837	1	0.0211238	7
2TBY5:00638:02605	1	0.0211238	7
2TBY5:00633:01981	1	0.0211238	7
2TBY5:00633:01780	1	0.0211238	7
2TBY5:00633:01107	1	0.0211238	7
2TBY5:00632:02268	1	0.0211238	7
2TBY5:00632:01420	1	0.0211238	7
2TBY5:00630:01618	1	0.0211238	7
2TBY5:00629:02454	1	0.0211238	7
2TBY5:00629:01348	1	0.0211238	7
2TBY5:00627:02533	1	0.0211238	7
2TBY5:00623:01555	1	0.0211238	7
2TBY5:00621:02942	1	0.0211238	7
2TBY5:00620:02283	1	0.0211238	7
2TBY5:00620:00985	1	0.0211238	7
2TBY5:00618:01187	1	0.0211238	7
2TBY5:00618:00999	1	0.0211238	7
2TBY5:00616:01445	1	0.0211238	7
2TBY5:00614:02159	1	0.0211238	7
2TBY5:00614:01211	1	0.0211238	7
2TBY5:00612:02778	1	0.0211238	7
2TBY5:00610:02043	1	0.0211238	7
2TBY5:00609:02937	1	0.0211238	7
2TBY5:00609:02440	1	0.0211238	7
2TBY5:00608:02437	1	0.0211238	7
2TBY5:00608:01331	1	0.0211238	7
2TBY5:00607:01789	1	0.0211238	7
2TBY5:00605:02353	1	0.0211238	7
2TBY5:00605:01339	1	0.0211238	7
2TBY5:00604:02951	1	0.0211238	7
2TBY5:00603:01647	1	0.0211238	7
2TBY5:00601:01918	1	0.0211238	7
2TBY5:00599:02146	1	0.0211238	7
2TBY5:00599:01720	1	0.0211238	7
2TBY5:00598:02428	1	0.0211238	7
2TBY5:00598:01633	1	0.0211238	7
2TBY5:00596:03024	1	0.0211238	7
2TBY5:00594:02331	1	0.0211238	7
2TBY5:00593:02648	1	0.0211238	7
2TBY5:00592:01112	1	0.0211238	7
2TBY5:00589:01383	1	0.0211238	7
2TBY5:00588:00891	1	0.0211238	7
2TBY5:00585:02653	1	0.0211238	7
2TBY5:00584:02298	1	0.0211238	7
2TBY5:00584:01334	1	0.0211238	7
2TBY5:00581:02402	1	0.0211238	7
2TBY5:00581:00999	1	0.0211238	7
2TBY5:00580:01915	1	0.0211238	7
2TBY5:00579:01696	1	0.0211238	7
2TBY5:00576:02740	1	0.0211238	7
2TBY5:00576:01808	1	0.0211238	7
2TBY5:00575:01605	1	0.0211238	7
2TBY5:00573:02262	1	0.0211238	7
2TBY5:00573:01555	1	0.0211238	7
2TBY5:00572:01246	1	0.0211238	7
2TBY5:00571:01894	1	0.0211238	7
2TBY5:00571:01174	1	0.0211238	7
2TBY5:00570:02492	1	0.0211238	7
2TBY5:00570:01916	1	0.0211238	7
2TBY5:00567:02879	1	0.0211238	7
2TBY5:00565:01098	1	0.0211238	7
2TBY5:00561:02131	1	0.0211238	7
2TBY5:00560:02419	1	0.0211238	7
2TBY5:00558:02569	1	0.0211238	7
2TBY5:00557:01484	1	0.0211238	7
2TBY5:00556:01940	1	0.0211238	7
2TBY5:00555:01183	1	0.0211238	7
2TBY5:00553:02862	1	0.0211238	7
2TBY5:00552:02930	1	0.0211238	7
2TBY5:00552:02632	1	0.0211238	7
2TBY5:00549:01247	1	0.0211238	7
2TBY5:00548:02833	1	0.0211238	7
2TBY5:00543:02255	1	0.0211238	7
2TBY5:00541:02864	1	0.0211238	7
2TBY5:00536:02777	1	0.0211238	7
2TBY5:00535:02378	1	0.0211238	7
2TBY5:00528:01814	1	0.0211238	7
2TBY5:00527:02929	1	0.0211238	7
2TBY5:00526:02020	1	0.0211238	7
2TBY5:00526:00996	1	0.0211238	7
2TBY5:00524:01203	1	0.0211238	7
2TBY5:00524:00931	1	0.0211238	7
2TBY5:00522:01927	1	0.0211238	7
2TBY5:00522:01479	1	0.0211238	7
2TBY5:00520:01584	1	0.0211238	7
2TBY5:00519:02596	1	0.0211238	7
2TBY5:00519:01950	1	0.0211238	7
2TBY5:00519:01518	1	0.0211238	7
2TBY5:00518:01770	1	0.0211238	7
2TBY5:00515:03020	1	0.0211238	7
2TBY5:00514:02141	1	0.0211238	7
2TBY5:00514:00906	1	0.0211238	7
2TBY5:00513:01622	1	0.0211238	7
2TBY5:00510:02490	1	0.0211238	7
2TBY5:00508:01448	1	0.0211238	7
2TBY5:00508:00819	1	0.0211238	7
2TBY5:00506:02723	1	0.0211238	7
2TBY5:00506:02017	1	0.0211238	7
2TBY5:00506:01424	1	0.0211238	7
2TBY5:00504:02093	1	0.0211238	7
2TBY5:00504:00930	1	0.0211238	7
2TBY5:00501:01663	1	0.0211238	7
2TBY5:00499:01493	1	0.0211238	7
2TBY5:00499:01162	1	0.0211238	7
2TBY5:00498:02973	1	0.0211238	7
2TBY5:00496:01968	1	0.0211238	7
2TBY5:00492:00972	1	0.0211238	7
2TBY5:00491:02540	1	0.0211238	7
2TBY5:00490:02224	1	0.0211238	7
2TBY5:00489:01193	1	0.0211238	7
2TBY5:00485:02012	1	0.0211238	7
2TBY5:00485:01286	1	0.0211238	7
2TBY5:00480:01897	1	0.0211238	7
2TBY5:00479:03043	1	0.0211238	7
2TBY5:00479:02336	1	0.0211238	7
2TBY5:00479:01710	1	0.0211238	7
2TBY5:00477:00969	1	0.0211238	7
2TBY5:00476:02484	1	0.0211238	7
2TBY5:00476:01599	1	0.0211238	7
2TBY5:00476:01035	1	0.0211238	7
2TBY5:00475:02810	1	0.0211238	7
2TBY5:00472:02904	1	0.0211238	7
2TBY5:00472:02347	1	0.0211238	7
2TBY5:00470:01308	1	0.0211238	7
2TBY5:00469:02318	1	0.0211238	7
2TBY5:00468:02984	1	0.0211238	7
2TBY5:00460:01345	1	0.0211238	7
2TBY5:00455:02543	1	0.0211238	7
2TBY5:00452:01417	1	0.0211238	7
2TBY5:00451:02942	1	0.0211238	7
2TBY5:00450:02001	1	0.0211238	7
2TBY5:00449:02986	1	0.0211238	7
2TBY5:00449:01166	1	0.0211238	7
2TBY5:00446:02397	1	0.0211238	7
2TBY5:00442:01475	1	0.0211238	7
2TBY5:00441:02402	1	0.0211238	7
2TBY5:00440:01267	1	0.0211238	7
2TBY5:00439:02673	1	0.0211238	7
2TBY5:00436:02876	1	0.0211238	7
2TBY5:00436:02017	1	0.0211238	7
2TBY5:00435:02261	1	0.0211238	7
2TBY5:00433:00914	1	0.0211238	7
2TBY5:00432:02797	1	0.0211238	7
2TBY5:00431:02061	1	0.0211238	7
2TBY5:00431:01528	1	0.0211238	7
2TBY5:00428:01207	1	0.0211238	7
2TBY5:00424:01214	1	0.0211238	7
2TBY5:00422:01272	1	0.0211238	7
2TBY5:00421:01963	1	0.0211238	7
2TBY5:00421:00808	1	0.0211238	7
2TBY5:00420:02954	1	0.0211238	7
2TBY5:00420:02336	1	0.0211238	7
2TBY5:00419:01207	1	0.0211238	7
2TBY5:00418:00886	1	0.0211238	7
2TBY5:00416:00907	1	0.0211238	7
2TBY5:00413:02457	1	0.0211238	7
2TBY5:00412:02267	1	0.0211238	7
2TBY5:00412:01855	1	0.0211238	7
2TBY5:00411:01151	1	0.0211238	7
2TBY5:00411:01033	1	0.0211238	7
2TBY5:00410:02538	1	0.0211238	7
2TBY5:00410:00751	1	0.0211238	7
2TBY5:00409:01673	1	0.0211238	7
2TBY5:00408:01247	1	0.0211238	7
2TBY5:00403:02295	1	0.0211238	7
2TBY5:00402:02514	1	0.0211238	7
2TBY5:00400:02931	1	0.0211238	7
2TBY5:00400:01806	1	0.0211238	7
2TBY5:00395:02254	1	0.0211238	7
2TBY5:00388:02431	1	0.0211238	7
2TBY5:00388:02289	1	0.0211238	7
2TBY5:00388:01874	1	0.0211238	7
2TBY5:00386:02711	1	0.0211238	7
2TBY5:00385:02105	1	0.0211238	7
2TBY5:00378:02517	1	0.0211238	7
2TBY5:00378:01837	1	0.0211238	7
2TBY5:00376:02236	1	0.0211238	7
2TBY5:00373:01604	1	0.0211238	7
2TBY5:00371:02632	1	0.0211238	7
2TBY5:00370:02152	1	0.0211238	7
2TBY5:00370:01390	1	0.0211238	7
2TBY5:00365:01951	1	0.0211238	7
2TBY5:00363:01898	1	0.0211238	7
2TBY5:00363:01274	1	0.0211238	7
2TBY5:00362:02191	1	0.0211238	7
2TBY5:00362:01130	1	0.0211238	7
2TBY5:00361:02686	1	0.0211238	7
2TBY5:00361:02411	1	0.0211238	7
2TBY5:00360:01620	1	0.0211238	7
2TBY5:00360:01497	1	0.0211238	7
2TBY5:00359:01272	1	0.0211238	7
2TBY5:00356:01998	1	0.0211238	7
2TBY5:00354:02531	1	0.0211238	7
2TBY5:00353:01825	1	0.0211238	7
2TBY5:00352:02756	1	0.0211238	7
2TBY5:00352:02188	1	0.0211238	7
2TBY5:00348:02443	1	0.0211238	7
2TBY5:00347:01846	1	0.0211238	7
2TBY5:00346:02358	1	0.0211238	7
2TBY5:00345:01189	1	0.0211238	7
2TBY5:00341:02261	1	0.0211238	7
2TBY5:00341:01176	1	0.0211238	7
2TBY5:00337:02782	1	0.0211238	7
2TBY5:00337:02166	1	0.0211238	7
2TBY5:00337:01952	1	0.0211238	7
2TBY5:00336:02634	1	0.0211238	7
2TBY5:00336:01380	1	0.0211238	7
2TBY5:00333:00840	1	0.0211238	7
2TBY5:00332:02612	1	0.0211238	7
2TBY5:00330:01709	1	0.0211238	7
2TBY5:00326:00679	1	0.0211238	7
2TBY5:00325:02442	1	0.0211238	7
2TBY5:00325:02426	1	0.0211238	7
2TBY5:00323:02537	1	0.0211238	7
2TBY5:00322:02724	1	0.0211238	7
2TBY5:00321:02476	1	0.0211238	7
2TBY5:00321:00865	1	0.0211238	7
2TBY5:00316:01145	1	0.0211238	7
2TBY5:00315:02568	1	0.0211238	7
2TBY5:00314:02272	1	0.0211238	7
2TBY5:00313:02158	1	0.0211238	7
2TBY5:00313:02002	1	0.0211238	7
2TBY5:00312:02443	1	0.0211238	7
2TBY5:00309:02631	1	0.0211238	7
2TBY5:00307:02189	1	0.0211238	7
2TBY5:00306:02438	1	0.0211238	7
2TBY5:00303:02558	1	0.0211238	7
2TBY5:00301:02614	1	0.0211238	7
2TBY5:00301:01304	1	0.0211238	7
2TBY5:00293:02343	1	0.0211238	7
2TBY5:00293:01346	1	0.0211238	7
2TBY5:00292:02692	1	0.0211238	7
2TBY5:00291:00964	1	0.0211238	7
2TBY5:00290:01648	1	0.0211238	7
2TBY5:00289:01629	1	0.0211238	7
2TBY5:00288:01479	1	0.0211238	7
2TBY5:00281:01550	1	0.0211238	7
2TBY5:00281:00765	1	0.0211238	7
2TBY5:00278:02169	1	0.0211238	7
2TBY5:00277:02813	1	0.0211238	7
2TBY5:00276:01431	1	0.0211238	7
2TBY5:00274:01085	1	0.0211238	7
2TBY5:00273:01757	1	0.0211238	7
2TBY5:00270:00975	1	0.0211238	7
2TBY5:00268:02451	1	0.0211238	7
2TBY5:00268:01000	1	0.0211238	7
2TBY5:00267:01666	1	0.0211238	7
2TBY5:00266:02583	1	0.0211238	7
2TBY5:00266:01258	1	0.0211238	7
2TBY5:00265:00888	1	0.0211238	7
2TBY5:00263:02216	1	0.0211238	7
2TBY5:00260:01399	1	0.0211238	7
2TBY5:00259:02578	1	0.0211238	7
2TBY5:00259:01615	1	0.0211238	7
2TBY5:00259:00751	1	0.0211238	7
2TBY5:00257:01832	1	0.0211238	7
2TBY5:00256:01168	1	0.0211238	7
2TBY5:00254:01628	1	0.0211238	7
2TBY5:00254:01020	1	0.0211238	7
2TBY5:00253:02283	1	0.0211238	7
2TBY5:00249:02791	1	0.0211238	7
2TBY5:00248:02119	1	0.0211238	7
2TBY5:00244:01729	1	0.0211238	7
2TBY5:00243:02629	1	0.0211238	7
2TBY5:00243:01047	1	0.0211238	7
2TBY5:00241:00747	1	0.0211238	7
2TBY5:00239:00958	1	0.0211238	7
2TBY5:00239:00944	1	0.0211238	7
2TBY5:00238:01866	1	0.0211238	7
2TBY5:00237:02219	1	0.0211238	7
2TBY5:00236:01522	1	0.0211238	7
2TBY5:00233:02255	1	0.0211238	7
2TBY5:00227:02468	1	0.0211238	7
2TBY5:00225:00704	1	0.0211238	7
2TBY5:00221:02394	1	0.0211238	7
2TBY5:00219:01390	1	0.0211238	7
2TBY5:00218:01977	1	0.0211238	7
2TBY5:00215:01243	1	0.0211238	7
2TBY5:00210:01920	1	0.0211238	7
2TBY5:00208:01526	1	0.0211238	7
2TBY5:00207:01169	1	0.0211238	7
2TBY5:00206:02668	1	0.0211238	7
2TBY5:00206:01981	1	0.0211238	7
2TBY5:00206:00790	1	0.0211238	7
2TBY5:00206:00766	1	0.0211238	7
2TBY5:00205:01979	1	0.0211238	7
2TBY5:00205:01213	1	0.0211238	7
2TBY5:00204:01256	1	0.0211238	7
2TBY5:00203:01890	1	0.0211238	7
2TBY5:00202:02132	1	0.0211238	7
2TBY5:00199:01642	1	0.0211238	7
2TBY5:00198:02367	1	0.0211238	7
2TBY5:00197:02398	1	0.0211238	7
2TBY5:00197:01408	1	0.0211238	7
2TBY5:00197:00707	1	0.0211238	7
2TBY5:00195:02667	1	0.0211238	7
2TBY5:00195:01320	1	0.0211238	7
2TBY5:00188:00624	1	0.0211238	7
2TBY5:00186:01296	1	0.0211238	7
2TBY5:00186:00938	1	0.0211238	7
2TBY5:00184:02123	1	0.0211238	7
2TBY5:00183:02514	1	0.0211238	7
2TBY5:00182:02374	1	0.0211238	7
2TBY5:00180:01449	1	0.0211238	7
2TBY5:00179:01813	1	0.0211238	7
2TBY5:00178:02569	1	0.0211238	7
2TBY5:00177:01577	1	0.0211238	7
2TBY5:00175:02033	1	0.0211238	7
2TBY5:00173:02050	1	0.0211238	7
2TBY5:00173:00566	1	0.0211238	7
2TBY5:00172:01736	1	0.0211238	7
2TBY5:00170:02153	1	0.0211238	7
2TBY5:00167:00914	1	0.0211238	7
2TBY5:00166:01640	1	0.0211238	7
2TBY5:00166:01258	1	0.0211238	7
2TBY5:00162:02571	1	0.0211238	7
2TBY5:00161:00744	1	0.0211238	7
2TBY5:00160:01949	1	0.0211238	7
2TBY5:00160:00839	1	0.0211238	7
2TBY5:00159:01208	1	0.0211238	7
2TBY5:00157:00974	1	0.0211238	7
2TBY5:00155:02045	1	0.0211238	7
2TBY5:00153:01461	1	0.0211238	7
2TBY5:00152:01996	1	0.0211238	7
2TBY5:00150:02012	1	0.0211238	7
2TBY5:00148:02266	1	0.0211238	7
2TBY5:00148:01004	1	0.0211238	7
2TBY5:00146:02067	1	0.0211238	7
2TBY5:00145:01759	1	0.0211238	7
2TBY5:00145:01358	1	0.0211238	7
2TBY5:00135:02399	1	0.0211238	7
2TBY5:00134:01884	1	0.0211238	7
2TBY5:00133:02517	1	0.0211238	7
2TBY5:00130:01456	1	0.0211238	7
2TBY5:00130:00950	1	0.0211238	7
2TBY5:00129:01394	1	0.0211238	7
2TBY5:00121:02235	1	0.0211238	7
2TBY5:00116:00615	1	0.0211238	7
2TBY5:00115:02215	1	0.0211238	7
2TBY5:00115:02163	1	0.0211238	7
2TBY5:00115:01650	1	0.0211238	7
2TBY5:00110:01128	1	0.0211238	7
2TBY5:00109:00576	1	0.0211238	7
2TBY5:00107:01795	1	0.0211238	7
2TBY5:00105:01664	1	0.0211238	7
2TBY5:00103:01746	1	0.0211238	7
2TBY5:00103:01522	1	0.0211238	7
2TBY5:00101:01089	1	0.0211238	7
2TBY5:00098:01880	1	0.0211238	7
2TBY5:00096:01814	1	0.0211238	7
2TBY5:00096:01630	1	0.0211238	7
2TBY5:00091:00729	1	0.0211238	7
2TBY5:00084:02402	1	0.0211238	7
2TBY5:00083:01135	1	0.0211238	7
2TBY5:00082:01020	1	0.0211238	7
2TBY5:00081:02171	1	0.0211238	7
2TBY5:00081:02145	1	0.0211238	7
2TBY5:00079:02326	1	0.0211238	7
2TBY5:00077:01484	1	0.0211238	7
2TBY5:00077:01201	1	0.0211238	7
2TBY5:00077:00707	1	0.0211238	7
2TBY5:00072:01986	1	0.0211238	7
2TBY5:00072:01975	1	0.0211238	7
2TBY5:00072:00613	1	0.0211238	7
2TBY5:00072:00607	1	0.0211238	7
2TBY5:00070:00781	1	0.0211238	7
2TBY5:00070:00623	1	0.0211238	7
2TBY5:00069:01088	1	0.0211238	7
2TBY5:00063:01921	1	0.0211238	7
2TBY5:00060:02015	1	0.0211238	7
2TBY5:00060:01075	1	0.0211238	7
2TBY5:00060:00830	1	0.0211238	7
2TBY5:00058:00897	1	0.0211238	7
2TBY5:00056:02163	1	0.0211238	7
2TBY5:00054:02235	1	0.0211238	7
2TBY5:00051:01834	1	0.0211238	7
2TBY5:00050:01090	1	0.0211238	7
2TBY5:00047:02120	1	0.0211238	7
2TBY5:00047:00706	1	0.0211238	7
2TBY5:00046:02137	1	0.0211238	7
2TBY5:00045:01648	1	0.0211238	7
2TBY5:00045:01410	1	0.0211238	7
2TBY5:00041:01029	1	0.0211238	7
2TBY5:00039:01794	1	0.0211238	7
2TBY5:00036:01850	1	0.0211238	7
2TBY5:00035:01335	1	0.0211238	7
2TBY5:00034:00494	1	0.0211238	7
2TBY5:00033:00703	1	0.0211238	7
2TBY5:00030:00692	1	0.0211238	7
2TBY5:00029:00826	1	0.0211238	7
2TBY5:00026:00733	1	0.0211238	7
2TBY5:00025:01175	1	0.0211238	7
2TBY5:00025:01022	1	0.0211238	7
2TBY5:00024:00495	1	0.0211238	7
2TBY5:00023:02204	1	0.0211238	7
2TBY5:00022:01409	1	0.0211238	7
2TBY5:00017:01685	1	0.0211238	7
2TBY5:00017:01147	1	0.0211238	7
2TBY5:00014:01061	1	0.0211238	7
2TBY5:00014:00946	1	0.0211238	7
2TBY5:00007:00844	1	0.0211238	7
2TBY5:00004:01563	1	0.0211238	7
