SPIKE:24	245	5.17533	6
SPIKE:310	25	0.528095	6
SPIKE:269	22	0.464723	6
SPIKE:335	21	0.443599	6
2TBY5:00449:02958	6	0.126743	6
SPIKE:367	5	0.105619	6
2TBY5:00199:01193	5	0.105619	6
2TBY5:00941:02712	4	0.0844951	6
2TBY5:00650:02965	4	0.0844951	6
2TBY5:00573:01368	4	0.0844951	6
2TBY5:00344:02331	4	0.0844951	6
2TBY5:00207:02433	4	0.0844951	6
SPIKE:284	3	0.0633714	6
2TBY5:02031:02809	3	0.0633714	6
2TBY5:01279:01673	3	0.0633714	6
2TBY5:01274:02886	3	0.0633714	6
2TBY5:01222:01482	3	0.0633714	6
2TBY5:01109:02323	3	0.0633714	6
2TBY5:01086:02553	3	0.0633714	6
2TBY5:01063:01449	3	0.0633714	6
2TBY5:00930:01235	3	0.0633714	6
2TBY5:00863:02648	3	0.0633714	6
2TBY5:00817:02293	3	0.0633714	6
2TBY5:00630:02986	3	0.0633714	6
2TBY5:00607:01016	3	0.0633714	6
2TBY5:00596:02088	3	0.0633714	6
2TBY5:00569:01582	3	0.0633714	6
2TBY5:00520:01292	3	0.0633714	6
2TBY5:00504:02087	3	0.0633714	6
2TBY5:00499:02287	3	0.0633714	6
2TBY5:00419:02909	3	0.0633714	6
2TBY5:00287:02178	3	0.0633714	6
2TBY5:00268:02171	3	0.0633714	6
2TBY5:00199:02463	3	0.0633714	6
2TBY5:00184:02416	3	0.0633714	6
2TBY5:00141:01274	3	0.0633714	6
2TBY5:00111:01756	3	0.0633714	6
2TBY5:00062:01568	3	0.0633714	6
2TBY5:00053:00901	3	0.0633714	6
2TBY5:00031:01141	3	0.0633714	6
SPIKE:357	2	0.0422476	6
SPIKE:353	2	0.0422476	6
2TBY5:02078:02105	2	0.0422476	6
2TBY5:02046:01532	2	0.0422476	6
2TBY5:02043:01551	2	0.0422476	6
2TBY5:02040:01197	2	0.0422476	6
2TBY5:01996:03228	2	0.0422476	6
2TBY5:01976:02851	2	0.0422476	6
2TBY5:01925:02576	2	0.0422476	6
2TBY5:01898:02274	2	0.0422476	6
2TBY5:01896:01840	2	0.0422476	6
2TBY5:01886:01966	2	0.0422476	6
2TBY5:01882:02387	2	0.0422476	6
2TBY5:01862:01020	2	0.0422476	6
2TBY5:01827:03090	2	0.0422476	6
2TBY5:01800:02834	2	0.0422476	6
2TBY5:01783:02914	2	0.0422476	6
2TBY5:01754:02711	2	0.0422476	6
2TBY5:01707:01215	2	0.0422476	6
2TBY5:01689:01521	2	0.0422476	6
2TBY5:01676:02551	2	0.0422476	6
2TBY5:01632:02658	2	0.0422476	6
2TBY5:01621:01426	2	0.0422476	6
2TBY5:01614:01943	2	0.0422476	6
2TBY5:01603:02339	2	0.0422476	6
2TBY5:01603:01987	2	0.0422476	6
2TBY5:01582:01518	2	0.0422476	6
2TBY5:01570:02086	2	0.0422476	6
2TBY5:01549:02732	2	0.0422476	6
2TBY5:01527:01421	2	0.0422476	6
2TBY5:01527:00721	2	0.0422476	6
2TBY5:01525:02659	2	0.0422476	6
2TBY5:01508:02242	2	0.0422476	6
2TBY5:01503:01782	2	0.0422476	6
2TBY5:01502:00784	2	0.0422476	6
2TBY5:01497:00932	2	0.0422476	6
2TBY5:01486:01728	2	0.0422476	6
2TBY5:01484:00697	2	0.0422476	6
2TBY5:01462:01662	2	0.0422476	6
2TBY5:01456:02482	2	0.0422476	6
2TBY5:01455:01022	2	0.0422476	6
2TBY5:01437:02696	2	0.0422476	6
2TBY5:01435:01581	2	0.0422476	6
2TBY5:01429:02219	2	0.0422476	6
2TBY5:01382:02172	2	0.0422476	6
2TBY5:01359:02719	2	0.0422476	6
2TBY5:01352:01347	2	0.0422476	6
2TBY5:01328:01347	2	0.0422476	6
2TBY5:01312:02798	2	0.0422476	6
2TBY5:01296:01408	2	0.0422476	6
2TBY5:01293:03096	2	0.0422476	6
2TBY5:01284:01922	2	0.0422476	6
2TBY5:01275:01595	2	0.0422476	6
2TBY5:01273:02787	2	0.0422476	6
2TBY5:01273:01323	2	0.0422476	6
2TBY5:01252:00806	2	0.0422476	6
2TBY5:01248:01537	2	0.0422476	6
2TBY5:01247:01675	2	0.0422476	6
2TBY5:01226:02249	2	0.0422476	6
2TBY5:01221:02741	2	0.0422476	6
2TBY5:01204:02975	2	0.0422476	6
2TBY5:01203:02997	2	0.0422476	6
2TBY5:01198:00925	2	0.0422476	6
2TBY5:01182:01878	2	0.0422476	6
2TBY5:01173:01621	2	0.0422476	6
2TBY5:01162:01391	2	0.0422476	6
2TBY5:01153:01758	2	0.0422476	6
2TBY5:01145:02253	2	0.0422476	6
2TBY5:01135:01703	2	0.0422476	6
2TBY5:01134:02653	2	0.0422476	6
2TBY5:01117:01820	2	0.0422476	6
2TBY5:01111:00897	2	0.0422476	6
2TBY5:01082:01390	2	0.0422476	6
2TBY5:01063:00907	2	0.0422476	6
2TBY5:01062:02536	2	0.0422476	6
2TBY5:01047:02533	2	0.0422476	6
2TBY5:01031:01229	2	0.0422476	6
2TBY5:01030:01518	2	0.0422476	6
2TBY5:00976:02391	2	0.0422476	6
2TBY5:00971:01958	2	0.0422476	6
2TBY5:00963:02244	2	0.0422476	6
2TBY5:00954:01295	2	0.0422476	6
2TBY5:00941:03240	2	0.0422476	6
2TBY5:00923:02810	2	0.0422476	6
2TBY5:00919:02512	2	0.0422476	6
2TBY5:00915:01518	2	0.0422476	6
2TBY5:00910:01992	2	0.0422476	6
2TBY5:00905:02408	2	0.0422476	6
2TBY5:00896:02112	2	0.0422476	6
2TBY5:00883:01227	2	0.0422476	6
2TBY5:00879:02091	2	0.0422476	6
2TBY5:00869:02147	2	0.0422476	6
2TBY5:00863:02113	2	0.0422476	6
2TBY5:00863:00889	2	0.0422476	6
2TBY5:00862:01667	2	0.0422476	6
2TBY5:00834:03136	2	0.0422476	6
2TBY5:00819:01454	2	0.0422476	6
2TBY5:00818:03156	2	0.0422476	6
2TBY5:00812:02509	2	0.0422476	6
2TBY5:00811:01843	2	0.0422476	6
2TBY5:00809:02815	2	0.0422476	6
2TBY5:00792:01481	2	0.0422476	6
2TBY5:00766:01745	2	0.0422476	6
2TBY5:00764:01609	2	0.0422476	6
2TBY5:00759:02649	2	0.0422476	6
2TBY5:00759:02541	2	0.0422476	6
2TBY5:00757:01471	2	0.0422476	6
2TBY5:00757:01407	2	0.0422476	6
2TBY5:00748:01468	2	0.0422476	6
2TBY5:00739:03086	2	0.0422476	6
2TBY5:00737:00939	2	0.0422476	6
2TBY5:00729:02276	2	0.0422476	6
2TBY5:00725:02399	2	0.0422476	6
2TBY5:00713:02852	2	0.0422476	6
2TBY5:00710:03146	2	0.0422476	6
2TBY5:00682:01980	2	0.0422476	6
2TBY5:00679:01650	2	0.0422476	6
2TBY5:00673:02562	2	0.0422476	6
2TBY5:00668:03109	2	0.0422476	6
2TBY5:00660:02435	2	0.0422476	6
2TBY5:00650:01486	2	0.0422476	6
2TBY5:00649:02695	2	0.0422476	6
2TBY5:00647:01015	2	0.0422476	6
2TBY5:00638:02429	2	0.0422476	6
2TBY5:00634:01657	2	0.0422476	6
2TBY5:00618:01508	2	0.0422476	6
2TBY5:00616:01188	2	0.0422476	6
2TBY5:00583:02423	2	0.0422476	6
2TBY5:00572:02772	2	0.0422476	6
2TBY5:00559:02331	2	0.0422476	6
2TBY5:00553:02255	2	0.0422476	6
2TBY5:00551:01846	2	0.0422476	6
2TBY5:00549:02754	2	0.0422476	6
2TBY5:00537:02254	2	0.0422476	6
2TBY5:00525:02820	2	0.0422476	6
2TBY5:00499:02177	2	0.0422476	6
2TBY5:00497:02611	2	0.0422476	6
2TBY5:00491:00900	2	0.0422476	6
2TBY5:00489:03018	2	0.0422476	6
2TBY5:00479:01407	2	0.0422476	6
2TBY5:00478:01295	2	0.0422476	6
2TBY5:00460:01923	2	0.0422476	6
2TBY5:00452:02325	2	0.0422476	6
2TBY5:00447:02902	2	0.0422476	6
2TBY5:00444:02157	2	0.0422476	6
2TBY5:00442:02344	2	0.0422476	6
2TBY5:00441:02679	2	0.0422476	6
2TBY5:00424:02391	2	0.0422476	6
2TBY5:00409:02549	2	0.0422476	6
2TBY5:00400:02569	2	0.0422476	6
2TBY5:00388:01519	2	0.0422476	6
2TBY5:00377:02122	2	0.0422476	6
2TBY5:00345:02878	2	0.0422476	6
2TBY5:00342:01685	2	0.0422476	6
2TBY5:00341:01028	2	0.0422476	6
2TBY5:00337:02401	2	0.0422476	6
2TBY5:00324:02320	2	0.0422476	6
2TBY5:00322:02821	2	0.0422476	6
2TBY5:00310:02524	2	0.0422476	6
2TBY5:00297:02664	2	0.0422476	6
2TBY5:00289:02790	2	0.0422476	6
2TBY5:00288:01540	2	0.0422476	6
2TBY5:00281:02516	2	0.0422476	6
2TBY5:00279:02262	2	0.0422476	6
2TBY5:00266:01027	2	0.0422476	6
2TBY5:00265:01256	2	0.0422476	6
2TBY5:00260:02139	2	0.0422476	6
2TBY5:00246:02645	2	0.0422476	6
2TBY5:00246:01548	2	0.0422476	6
2TBY5:00238:00996	2	0.0422476	6
2TBY5:00236:02767	2	0.0422476	6
2TBY5:00227:02512	2	0.0422476	6
2TBY5:00227:00666	2	0.0422476	6
2TBY5:00216:02613	2	0.0422476	6
2TBY5:00212:01566	2	0.0422476	6
2TBY5:00200:01557	2	0.0422476	6
2TBY5:00199:00803	2	0.0422476	6
2TBY5:00182:01667	2	0.0422476	6
2TBY5:00175:00827	2	0.0422476	6
2TBY5:00161:02365	2	0.0422476	6
2TBY5:00149:02377	2	0.0422476	6
2TBY5:00142:01251	2	0.0422476	6
2TBY5:00135:00887	2	0.0422476	6
2TBY5:00132:02385	2	0.0422476	6
2TBY5:00121:02094	2	0.0422476	6
2TBY5:00114:01233	2	0.0422476	6
2TBY5:00112:00695	2	0.0422476	6
2TBY5:00108:01408	2	0.0422476	6
2TBY5:00099:01037	2	0.0422476	6
2TBY5:00077:00765	2	0.0422476	6
2TBY5:00072:00587	2	0.0422476	6
2TBY5:00059:02232	2	0.0422476	6
2TBY5:00055:00506	2	0.0422476	6
2TBY5:00023:02003	2	0.0422476	6
2TBY5:00022:01918	2	0.0422476	6
SPIKE:366	1	0.0211238	6
SPIKE:363	1	0.0211238	6
SPIKE:362	1	0.0211238	6
SPIKE:361	1	0.0211238	6
SPIKE:356	1	0.0211238	6
SPIKE:352	1	0.0211238	6
SPIKE:351	1	0.0211238	6
SPIKE:309	1	0.0211238	6
SPIKE:307	1	0.0211238	6
SPIKE:306	1	0.0211238	6
SPIKE:305	1	0.0211238	6
SPIKE:304	1	0.0211238	6
SPIKE:303	1	0.0211238	6
SPIKE:302	1	0.0211238	6
SPIKE:299	1	0.0211238	6
SPIKE:298	1	0.0211238	6
SPIKE:295	1	0.0211238	6
SPIKE:287	1	0.0211238	6
SPIKE:286	1	0.0211238	6
SPIKE:285	1	0.0211238	6
SPIKE:283	1	0.0211238	6
SPIKE:282	1	0.0211238	6
SPIKE:281	1	0.0211238	6
SPIKE:23	1	0.0211238	6
SPIKE:22	1	0.0211238	6
SPIKE:21	1	0.0211238	6
SPIKE:20	1	0.0211238	6
2TBY5:02115:01784	1	0.0211238	6
2TBY5:02114:02181	1	0.0211238	6
2TBY5:02113:03327	1	0.0211238	6
2TBY5:02113:03133	1	0.0211238	6
2TBY5:02111:02060	1	0.0211238	6
2TBY5:02110:02362	1	0.0211238	6
2TBY5:02110:01553	1	0.0211238	6
2TBY5:02109:02402	1	0.0211238	6
2TBY5:02108:01537	1	0.0211238	6
2TBY5:02107:01581	1	0.0211238	6
2TBY5:02095:01456	1	0.0211238	6
2TBY5:02091:03233	1	0.0211238	6
2TBY5:02086:01543	1	0.0211238	6
2TBY5:02083:02354	1	0.0211238	6
2TBY5:02081:01959	1	0.0211238	6
2TBY5:02080:01800	1	0.0211238	6
2TBY5:02077:02170	1	0.0211238	6
2TBY5:02076:02577	1	0.0211238	6
2TBY5:02076:02091	1	0.0211238	6
2TBY5:02073:01865	1	0.0211238	6
2TBY5:02071:02039	1	0.0211238	6
2TBY5:02069:02383	1	0.0211238	6
2TBY5:02069:01824	1	0.0211238	6
2TBY5:02068:02184	1	0.0211238	6
2TBY5:02067:01931	1	0.0211238	6
2TBY5:02066:01889	1	0.0211238	6
2TBY5:02065:01181	1	0.0211238	6
2TBY5:02062:01899	1	0.0211238	6
2TBY5:02060:01327	1	0.0211238	6
2TBY5:02058:03170	1	0.0211238	6
2TBY5:02058:02669	1	0.0211238	6
2TBY5:02058:01958	1	0.0211238	6
2TBY5:02057:01698	1	0.0211238	6
2TBY5:02054:02078	1	0.0211238	6
2TBY5:02052:01716	1	0.0211238	6
2TBY5:02051:02849	1	0.0211238	6
2TBY5:02051:01447	1	0.0211238	6
2TBY5:02050:03170	1	0.0211238	6
2TBY5:02048:02204	1	0.0211238	6
2TBY5:02047:02361	1	0.0211238	6
2TBY5:02046:01203	1	0.0211238	6
2TBY5:02044:02445	1	0.0211238	6
2TBY5:02044:01337	1	0.0211238	6
2TBY5:02042:03159	1	0.0211238	6
2TBY5:02041:03153	1	0.0211238	6
2TBY5:02041:01932	1	0.0211238	6
2TBY5:02040:03006	1	0.0211238	6
2TBY5:02039:01542	1	0.0211238	6
2TBY5:02036:02105	1	0.0211238	6
2TBY5:02031:03341	1	0.0211238	6
2TBY5:02031:01178	1	0.0211238	6
2TBY5:02030:02996	1	0.0211238	6
2TBY5:02027:02471	1	0.0211238	6
2TBY5:02026:02627	1	0.0211238	6
2TBY5:02025:01992	1	0.0211238	6
2TBY5:02023:02440	1	0.0211238	6
2TBY5:02023:02231	1	0.0211238	6
2TBY5:02023:01087	1	0.0211238	6
2TBY5:02022:03178	1	0.0211238	6
2TBY5:02021:01549	1	0.0211238	6
2TBY5:02021:00942	1	0.0211238	6
2TBY5:02020:03148	1	0.0211238	6
2TBY5:02020:01375	1	0.0211238	6
2TBY5:02019:01922	1	0.0211238	6
2TBY5:02016:02850	1	0.0211238	6
2TBY5:02015:01823	1	0.0211238	6
2TBY5:02014:02685	1	0.0211238	6
2TBY5:02013:03379	1	0.0211238	6
2TBY5:02013:02884	1	0.0211238	6
2TBY5:02012:02567	1	0.0211238	6
2TBY5:02012:01765	1	0.0211238	6
2TBY5:02012:01284	1	0.0211238	6
2TBY5:02011:02863	1	0.0211238	6
2TBY5:02011:02369	1	0.0211238	6
2TBY5:02010:03111	1	0.0211238	6
2TBY5:02006:02075	1	0.0211238	6
2TBY5:02006:01057	1	0.0211238	6
2TBY5:02005:01959	1	0.0211238	6
2TBY5:02003:02873	1	0.0211238	6
2TBY5:02000:02532	1	0.0211238	6
2TBY5:01993:02103	1	0.0211238	6
2TBY5:01992:03088	1	0.0211238	6
2TBY5:01990:01717	1	0.0211238	6
2TBY5:01989:03308	1	0.0211238	6
2TBY5:01989:02799	1	0.0211238	6
2TBY5:01989:02594	1	0.0211238	6
2TBY5:01988:01512	1	0.0211238	6
2TBY5:01985:02392	1	0.0211238	6
2TBY5:01984:02852	1	0.0211238	6
2TBY5:01984:01404	1	0.0211238	6
2TBY5:01983:01916	1	0.0211238	6
2TBY5:01983:01852	1	0.0211238	6
2TBY5:01982:01908	1	0.0211238	6
2TBY5:01982:00819	1	0.0211238	6
2TBY5:01979:01424	1	0.0211238	6
2TBY5:01977:02261	1	0.0211238	6
2TBY5:01976:01939	1	0.0211238	6
2TBY5:01975:01691	1	0.0211238	6
2TBY5:01970:00853	1	0.0211238	6
2TBY5:01969:01733	1	0.0211238	6
2TBY5:01969:00845	1	0.0211238	6
2TBY5:01968:03282	1	0.0211238	6
2TBY5:01967:01951	1	0.0211238	6
2TBY5:01967:01467	1	0.0211238	6
2TBY5:01966:01912	1	0.0211238	6
2TBY5:01965:01542	1	0.0211238	6
2TBY5:01964:02116	1	0.0211238	6
2TBY5:01963:03290	1	0.0211238	6
2TBY5:01963:01170	1	0.0211238	6
2TBY5:01962:02993	1	0.0211238	6
2TBY5:01962:02624	1	0.0211238	6
2TBY5:01962:01820	1	0.0211238	6
2TBY5:01962:01472	1	0.0211238	6
2TBY5:01962:01134	1	0.0211238	6
2TBY5:01961:01419	1	0.0211238	6
2TBY5:01961:00830	1	0.0211238	6
2TBY5:01960:03295	1	0.0211238	6
2TBY5:01960:02980	1	0.0211238	6
2TBY5:01957:01028	1	0.0211238	6
2TBY5:01951:00798	1	0.0211238	6
2TBY5:01950:03381	1	0.0211238	6
2TBY5:01950:02362	1	0.0211238	6
2TBY5:01950:01200	1	0.0211238	6
2TBY5:01949:03162	1	0.0211238	6
2TBY5:01949:01962	1	0.0211238	6
2TBY5:01949:01878	1	0.0211238	6
2TBY5:01949:01520	1	0.0211238	6
2TBY5:01947:02246	1	0.0211238	6
2TBY5:01946:01684	1	0.0211238	6
2TBY5:01942:02754	1	0.0211238	6
2TBY5:01942:02179	1	0.0211238	6
2TBY5:01940:03335	1	0.0211238	6
2TBY5:01940:02224	1	0.0211238	6
2TBY5:01940:01169	1	0.0211238	6
2TBY5:01936:02819	1	0.0211238	6
2TBY5:01935:01509	1	0.0211238	6
2TBY5:01934:01998	1	0.0211238	6
2TBY5:01933:03305	1	0.0211238	6
2TBY5:01931:01182	1	0.0211238	6
2TBY5:01931:01127	1	0.0211238	6
2TBY5:01930:02570	1	0.0211238	6
2TBY5:01928:02480	1	0.0211238	6
2TBY5:01927:03239	1	0.0211238	6
2TBY5:01926:01901	1	0.0211238	6
2TBY5:01925:02543	1	0.0211238	6
2TBY5:01924:01130	1	0.0211238	6
2TBY5:01920:01857	1	0.0211238	6
2TBY5:01919:02166	1	0.0211238	6
2TBY5:01919:00819	1	0.0211238	6
2TBY5:01918:02531	1	0.0211238	6
2TBY5:01918:02415	1	0.0211238	6
2TBY5:01917:01782	1	0.0211238	6
2TBY5:01917:01630	1	0.0211238	6
2TBY5:01916:00904	1	0.0211238	6
2TBY5:01915:00938	1	0.0211238	6
2TBY5:01914:00965	1	0.0211238	6
2TBY5:01912:02357	1	0.0211238	6
2TBY5:01912:01598	1	0.0211238	6
2TBY5:01910:00745	1	0.0211238	6
2TBY5:01907:00825	1	0.0211238	6
2TBY5:01906:00700	1	0.0211238	6
2TBY5:01905:02458	1	0.0211238	6
2TBY5:01899:02771	1	0.0211238	6
2TBY5:01897:01767	1	0.0211238	6
2TBY5:01896:01296	1	0.0211238	6
2TBY5:01895:03104	1	0.0211238	6
2TBY5:01894:02400	1	0.0211238	6
2TBY5:01894:01458	1	0.0211238	6
2TBY5:01894:00974	1	0.0211238	6
2TBY5:01892:01996	1	0.0211238	6
2TBY5:01891:01563	1	0.0211238	6
2TBY5:01890:03284	1	0.0211238	6
2TBY5:01889:03337	1	0.0211238	6
2TBY5:01888:01734	1	0.0211238	6
2TBY5:01888:00898	1	0.0211238	6
2TBY5:01887:03358	1	0.0211238	6
2TBY5:01887:01840	1	0.0211238	6
2TBY5:01886:00632	1	0.0211238	6
2TBY5:01884:02224	1	0.0211238	6
2TBY5:01883:02137	1	0.0211238	6
2TBY5:01881:01418	1	0.0211238	6
2TBY5:01881:00642	1	0.0211238	6
2TBY5:01880:01887	1	0.0211238	6
2TBY5:01879:01938	1	0.0211238	6
2TBY5:01879:01637	1	0.0211238	6
2TBY5:01878:01229	1	0.0211238	6
2TBY5:01877:02150	1	0.0211238	6
2TBY5:01877:01963	1	0.0211238	6
2TBY5:01877:01053	1	0.0211238	6
2TBY5:01876:02480	1	0.0211238	6
2TBY5:01875:02624	1	0.0211238	6
2TBY5:01874:01096	1	0.0211238	6
2TBY5:01874:01036	1	0.0211238	6
2TBY5:01873:01773	1	0.0211238	6
2TBY5:01872:01351	1	0.0211238	6
2TBY5:01871:02525	1	0.0211238	6
2TBY5:01870:03280	1	0.0211238	6
2TBY5:01870:01715	1	0.0211238	6
2TBY5:01869:02738	1	0.0211238	6
2TBY5:01868:01976	1	0.0211238	6
2TBY5:01868:01898	1	0.0211238	6
2TBY5:01868:00634	1	0.0211238	6
2TBY5:01866:03347	1	0.0211238	6
2TBY5:01864:00926	1	0.0211238	6
2TBY5:01863:01731	1	0.0211238	6
2TBY5:01863:01647	1	0.0211238	6
2TBY5:01863:01572	1	0.0211238	6
2TBY5:01862:01809	1	0.0211238	6
2TBY5:01861:02276	1	0.0211238	6
2TBY5:01859:03165	1	0.0211238	6
2TBY5:01858:01352	1	0.0211238	6
2TBY5:01856:01514	1	0.0211238	6
2TBY5:01855:01627	1	0.0211238	6
2TBY5:01855:01138	1	0.0211238	6
2TBY5:01854:01388	1	0.0211238	6
2TBY5:01852:02140	1	0.0211238	6
2TBY5:01852:01755	1	0.0211238	6
2TBY5:01851:02650	1	0.0211238	6
2TBY5:01848:01457	1	0.0211238	6
2TBY5:01847:02816	1	0.0211238	6
2TBY5:01847:01304	1	0.0211238	6
2TBY5:01843:03069	1	0.0211238	6
2TBY5:01843:02031	1	0.0211238	6
2TBY5:01842:00971	1	0.0211238	6
2TBY5:01838:02279	1	0.0211238	6
2TBY5:01837:01681	1	0.0211238	6
2TBY5:01835:00748	1	0.0211238	6
2TBY5:01833:02546	1	0.0211238	6
2TBY5:01832:01154	1	0.0211238	6
2TBY5:01832:00767	1	0.0211238	6
2TBY5:01832:00745	1	0.0211238	6
2TBY5:01831:03327	1	0.0211238	6
2TBY5:01831:01947	1	0.0211238	6
2TBY5:01831:01302	1	0.0211238	6
2TBY5:01831:01168	1	0.0211238	6
2TBY5:01830:01736	1	0.0211238	6
2TBY5:01829:02887	1	0.0211238	6
2TBY5:01829:01989	1	0.0211238	6
2TBY5:01828:02670	1	0.0211238	6
2TBY5:01828:02155	1	0.0211238	6
2TBY5:01828:01455	1	0.0211238	6
2TBY5:01824:01751	1	0.0211238	6
2TBY5:01823:01970	1	0.0211238	6
2TBY5:01823:01714	1	0.0211238	6
2TBY5:01823:01435	1	0.0211238	6
2TBY5:01822:00979	1	0.0211238	6
2TBY5:01820:01284	1	0.0211238	6
2TBY5:01817:00686	1	0.0211238	6
2TBY5:01815:03070	1	0.0211238	6
2TBY5:01815:02959	1	0.0211238	6
2TBY5:01815:02105	1	0.0211238	6
2TBY5:01815:01698	1	0.0211238	6
2TBY5:01815:00753	1	0.0211238	6
2TBY5:01813:01297	1	0.0211238	6
2TBY5:01812:01891	1	0.0211238	6
2TBY5:01811:00531	1	0.0211238	6
2TBY5:01810:03243	1	0.0211238	6
2TBY5:01808:02309	1	0.0211238	6
2TBY5:01807:02494	1	0.0211238	6
2TBY5:01807:02108	1	0.0211238	6
2TBY5:01807:01402	1	0.0211238	6
2TBY5:01807:01247	1	0.0211238	6
2TBY5:01806:00576	1	0.0211238	6
2TBY5:01805:02700	1	0.0211238	6
2TBY5:01805:01069	1	0.0211238	6
2TBY5:01804:00683	1	0.0211238	6
2TBY5:01803:01034	1	0.0211238	6
2TBY5:01802:02058	1	0.0211238	6
2TBY5:01801:00885	1	0.0211238	6
2TBY5:01800:01552	1	0.0211238	6
2TBY5:01799:02682	1	0.0211238	6
2TBY5:01798:01557	1	0.0211238	6
2TBY5:01798:00806	1	0.0211238	6
2TBY5:01797:02669	1	0.0211238	6
2TBY5:01796:01941	1	0.0211238	6
2TBY5:01796:01381	1	0.0211238	6
2TBY5:01793:02298	1	0.0211238	6
2TBY5:01793:02069	1	0.0211238	6
2TBY5:01793:00908	1	0.0211238	6
2TBY5:01791:01516	1	0.0211238	6
2TBY5:01790:00528	1	0.0211238	6
2TBY5:01789:02884	1	0.0211238	6
2TBY5:01789:01417	1	0.0211238	6
2TBY5:01788:03355	1	0.0211238	6
2TBY5:01788:02590	1	0.0211238	6
2TBY5:01786:01980	1	0.0211238	6
2TBY5:01786:01094	1	0.0211238	6
2TBY5:01785:02084	1	0.0211238	6
2TBY5:01785:01265	1	0.0211238	6
2TBY5:01784:02877	1	0.0211238	6
2TBY5:01782:02530	1	0.0211238	6
2TBY5:01781:01576	1	0.0211238	6
2TBY5:01780:02824	1	0.0211238	6
2TBY5:01779:01128	1	0.0211238	6
2TBY5:01777:01606	1	0.0211238	6
2TBY5:01776:01008	1	0.0211238	6
2TBY5:01775:02023	1	0.0211238	6
2TBY5:01775:00665	1	0.0211238	6
2TBY5:01774:02588	1	0.0211238	6
2TBY5:01773:00546	1	0.0211238	6
2TBY5:01771:01495	1	0.0211238	6
2TBY5:01771:01402	1	0.0211238	6
2TBY5:01770:01015	1	0.0211238	6
2TBY5:01770:00883	1	0.0211238	6
2TBY5:01769:01728	1	0.0211238	6
2TBY5:01769:01511	1	0.0211238	6
2TBY5:01768:00790	1	0.0211238	6
2TBY5:01767:02756	1	0.0211238	6
2TBY5:01767:00713	1	0.0211238	6
2TBY5:01766:01172	1	0.0211238	6
2TBY5:01765:01757	1	0.0211238	6
2TBY5:01764:02811	1	0.0211238	6
2TBY5:01762:02351	1	0.0211238	6
2TBY5:01761:00512	1	0.0211238	6
2TBY5:01760:02472	1	0.0211238	6
2TBY5:01760:01563	1	0.0211238	6
2TBY5:01759:03381	1	0.0211238	6
2TBY5:01759:01287	1	0.0211238	6
2TBY5:01758:01792	1	0.0211238	6
2TBY5:01758:00821	1	0.0211238	6
2TBY5:01757:02856	1	0.0211238	6
2TBY5:01757:02327	1	0.0211238	6
2TBY5:01756:02470	1	0.0211238	6
2TBY5:01756:01918	1	0.0211238	6
2TBY5:01755:02755	1	0.0211238	6
2TBY5:01753:03027	1	0.0211238	6
2TBY5:01753:01623	1	0.0211238	6
2TBY5:01751:02927	1	0.0211238	6
2TBY5:01750:02219	1	0.0211238	6
2TBY5:01750:01401	1	0.0211238	6
2TBY5:01750:01279	1	0.0211238	6
2TBY5:01748:03098	1	0.0211238	6
2TBY5:01745:01056	1	0.0211238	6
2TBY5:01744:01522	1	0.0211238	6
2TBY5:01742:01218	1	0.0211238	6
2TBY5:01742:00642	1	0.0211238	6
2TBY5:01741:01332	1	0.0211238	6
2TBY5:01741:01141	1	0.0211238	6
2TBY5:01741:00656	1	0.0211238	6
2TBY5:01740:01143	1	0.0211238	6
2TBY5:01737:02879	1	0.0211238	6
2TBY5:01736:02180	1	0.0211238	6
2TBY5:01736:01639	1	0.0211238	6
2TBY5:01736:01206	1	0.0211238	6
2TBY5:01735:00644	1	0.0211238	6
2TBY5:01734:02793	1	0.0211238	6
2TBY5:01732:01991	1	0.0211238	6
2TBY5:01731:00751	1	0.0211238	6
2TBY5:01730:02117	1	0.0211238	6
2TBY5:01728:03263	1	0.0211238	6
2TBY5:01728:02539	1	0.0211238	6
2TBY5:01727:01142	1	0.0211238	6
2TBY5:01727:00775	1	0.0211238	6
2TBY5:01726:02736	1	0.0211238	6
2TBY5:01726:02222	1	0.0211238	6
2TBY5:01723:02427	1	0.0211238	6
2TBY5:01723:02379	1	0.0211238	6
2TBY5:01723:01414	1	0.0211238	6
2TBY5:01721:01256	1	0.0211238	6
2TBY5:01720:02338	1	0.0211238	6
2TBY5:01719:02932	1	0.0211238	6
2TBY5:01718:02231	1	0.0211238	6
2TBY5:01718:01598	1	0.0211238	6
2TBY5:01718:01303	1	0.0211238	6
2TBY5:01715:02189	1	0.0211238	6
2TBY5:01715:01745	1	0.0211238	6
2TBY5:01713:02448	1	0.0211238	6
2TBY5:01711:01939	1	0.0211238	6
2TBY5:01709:00848	1	0.0211238	6
2TBY5:01708:01595	1	0.0211238	6
2TBY5:01708:00832	1	0.0211238	6
2TBY5:01705:03225	1	0.0211238	6
2TBY5:01704:02002	1	0.0211238	6
2TBY5:01704:01769	1	0.0211238	6
2TBY5:01703:00729	1	0.0211238	6
2TBY5:01702:01959	1	0.0211238	6
2TBY5:01699:01867	1	0.0211238	6
2TBY5:01698:01247	1	0.0211238	6
2TBY5:01696:02588	1	0.0211238	6
2TBY5:01694:02160	1	0.0211238	6
2TBY5:01692:02629	1	0.0211238	6
2TBY5:01691:00940	1	0.0211238	6
2TBY5:01690:02094	1	0.0211238	6
2TBY5:01690:01754	1	0.0211238	6
2TBY5:01690:01581	1	0.0211238	6
2TBY5:01689:01438	1	0.0211238	6
2TBY5:01689:00417	1	0.0211238	6
2TBY5:01688:03154	1	0.0211238	6
2TBY5:01688:02391	1	0.0211238	6
2TBY5:01686:02549	1	0.0211238	6
2TBY5:01686:02018	1	0.0211238	6
2TBY5:01685:02872	1	0.0211238	6
2TBY5:01684:02466	1	0.0211238	6
2TBY5:01683:03223	1	0.0211238	6
2TBY5:01679:02570	1	0.0211238	6
2TBY5:01678:00465	1	0.0211238	6
2TBY5:01677:01248	1	0.0211238	6
2TBY5:01676:01841	1	0.0211238	6
2TBY5:01672:01266	1	0.0211238	6
2TBY5:01671:01847	1	0.0211238	6
2TBY5:01671:01521	1	0.0211238	6
2TBY5:01669:03087	1	0.0211238	6
2TBY5:01669:02572	1	0.0211238	6
2TBY5:01668:02683	1	0.0211238	6
2TBY5:01668:00389	1	0.0211238	6
2TBY5:01667:01413	1	0.0211238	6
2TBY5:01666:00987	1	0.0211238	6
2TBY5:01665:00472	1	0.0211238	6
2TBY5:01663:01893	1	0.0211238	6
2TBY5:01662:02602	1	0.0211238	6
2TBY5:01662:02406	1	0.0211238	6
2TBY5:01661:02114	1	0.0211238	6
2TBY5:01660:01713	1	0.0211238	6
2TBY5:01659:02142	1	0.0211238	6
2TBY5:01659:02020	1	0.0211238	6
2TBY5:01658:02297	1	0.0211238	6
2TBY5:01658:01186	1	0.0211238	6
2TBY5:01656:02299	1	0.0211238	6
2TBY5:01656:01561	1	0.0211238	6
2TBY5:01655:01986	1	0.0211238	6
2TBY5:01654:02219	1	0.0211238	6
2TBY5:01653:01260	1	0.0211238	6
2TBY5:01648:03366	1	0.0211238	6
2TBY5:01648:01229	1	0.0211238	6
2TBY5:01646:02305	1	0.0211238	6
2TBY5:01646:01965	1	0.0211238	6
2TBY5:01645:01462	1	0.0211238	6
2TBY5:01644:02917	1	0.0211238	6
2TBY5:01644:02619	1	0.0211238	6
2TBY5:01642:02070	1	0.0211238	6
2TBY5:01641:02986	1	0.0211238	6
2TBY5:01641:01139	1	0.0211238	6
2TBY5:01641:01096	1	0.0211238	6
2TBY5:01640:02512	1	0.0211238	6
2TBY5:01640:00457	1	0.0211238	6
2TBY5:01637:00994	1	0.0211238	6
2TBY5:01635:01559	1	0.0211238	6
2TBY5:01633:01928	1	0.0211238	6
2TBY5:01633:00876	1	0.0211238	6
2TBY5:01631:02996	1	0.0211238	6
2TBY5:01631:00813	1	0.0211238	6
2TBY5:01631:00518	1	0.0211238	6
2TBY5:01630:03006	1	0.0211238	6
2TBY5:01629:01827	1	0.0211238	6
2TBY5:01628:02802	1	0.0211238	6
2TBY5:01628:02064	1	0.0211238	6
2TBY5:01628:01422	1	0.0211238	6
2TBY5:01628:01282	1	0.0211238	6
2TBY5:01627:01084	1	0.0211238	6
2TBY5:01627:00469	1	0.0211238	6
2TBY5:01626:02890	1	0.0211238	6
2TBY5:01626:02184	1	0.0211238	6
2TBY5:01626:01654	1	0.0211238	6
2TBY5:01626:01316	1	0.0211238	6
2TBY5:01625:02234	1	0.0211238	6
2TBY5:01623:02964	1	0.0211238	6
2TBY5:01623:00743	1	0.0211238	6
2TBY5:01621:02327	1	0.0211238	6
2TBY5:01621:00689	1	0.0211238	6
2TBY5:01620:02643	1	0.0211238	6
2TBY5:01620:02540	1	0.0211238	6
2TBY5:01620:02272	1	0.0211238	6
2TBY5:01620:00841	1	0.0211238	6
2TBY5:01617:02332	1	0.0211238	6
2TBY5:01617:02018	1	0.0211238	6
2TBY5:01617:01025	1	0.0211238	6
2TBY5:01616:00806	1	0.0211238	6
2TBY5:01615:02706	1	0.0211238	6
2TBY5:01615:01988	1	0.0211238	6
2TBY5:01614:02001	1	0.0211238	6
2TBY5:01612:01166	1	0.0211238	6
2TBY5:01611:02660	1	0.0211238	6
2TBY5:01609:01582	1	0.0211238	6
2TBY5:01609:00453	1	0.0211238	6
2TBY5:01608:02674	1	0.0211238	6
2TBY5:01608:02304	1	0.0211238	6
2TBY5:01608:02063	1	0.0211238	6
2TBY5:01607:02904	1	0.0211238	6
2TBY5:01605:02114	1	0.0211238	6
2TBY5:01604:01484	1	0.0211238	6
2TBY5:01602:02091	1	0.0211238	6
2TBY5:01600:01943	1	0.0211238	6
2TBY5:01599:00606	1	0.0211238	6
2TBY5:01598:01936	1	0.0211238	6
2TBY5:01598:01407	1	0.0211238	6
2TBY5:01596:03083	1	0.0211238	6
2TBY5:01596:02853	1	0.0211238	6
2TBY5:01596:00890	1	0.0211238	6
2TBY5:01596:00434	1	0.0211238	6
2TBY5:01595:01928	1	0.0211238	6
2TBY5:01593:01589	1	0.0211238	6
2TBY5:01593:00918	1	0.0211238	6
2TBY5:01591:01985	1	0.0211238	6
2TBY5:01591:01255	1	0.0211238	6
2TBY5:01590:02098	1	0.0211238	6
2TBY5:01590:02016	1	0.0211238	6
2TBY5:01590:01123	1	0.0211238	6
2TBY5:01590:01106	1	0.0211238	6
2TBY5:01587:02309	1	0.0211238	6
2TBY5:01586:03085	1	0.0211238	6
2TBY5:01586:02241	1	0.0211238	6
2TBY5:01585:02944	1	0.0211238	6
2TBY5:01585:02562	1	0.0211238	6
2TBY5:01585:01612	1	0.0211238	6
2TBY5:01584:03270	1	0.0211238	6
2TBY5:01583:03091	1	0.0211238	6
2TBY5:01583:02985	1	0.0211238	6
2TBY5:01581:02369	1	0.0211238	6
2TBY5:01581:01344	1	0.0211238	6
2TBY5:01581:01257	1	0.0211238	6
2TBY5:01580:00538	1	0.0211238	6
2TBY5:01577:01597	1	0.0211238	6
2TBY5:01577:00522	1	0.0211238	6
2TBY5:01576:02665	1	0.0211238	6
2TBY5:01575:01138	1	0.0211238	6
2TBY5:01575:01038	1	0.0211238	6
2TBY5:01574:01646	1	0.0211238	6
2TBY5:01572:03104	1	0.0211238	6
2TBY5:01570:02454	1	0.0211238	6
2TBY5:01569:02817	1	0.0211238	6
2TBY5:01569:02086	1	0.0211238	6
2TBY5:01566:02832	1	0.0211238	6
2TBY5:01566:02665	1	0.0211238	6
2TBY5:01565:02794	1	0.0211238	6
2TBY5:01565:02132	1	0.0211238	6
2TBY5:01565:01256	1	0.0211238	6
2TBY5:01564:00621	1	0.0211238	6
2TBY5:01563:01566	1	0.0211238	6
2TBY5:01562:01222	1	0.0211238	6
2TBY5:01561:02662	1	0.0211238	6
2TBY5:01559:01370	1	0.0211238	6
2TBY5:01558:01429	1	0.0211238	6
2TBY5:01557:02437	1	0.0211238	6
2TBY5:01556:01723	1	0.0211238	6
2TBY5:01554:01924	1	0.0211238	6
2TBY5:01553:02964	1	0.0211238	6
2TBY5:01552:03254	1	0.0211238	6
2TBY5:01552:02400	1	0.0211238	6
2TBY5:01551:03259	1	0.0211238	6
2TBY5:01550:01951	1	0.0211238	6
2TBY5:01549:03016	1	0.0211238	6
2TBY5:01547:01584	1	0.0211238	6
2TBY5:01545:01072	1	0.0211238	6
2TBY5:01545:00817	1	0.0211238	6
2TBY5:01542:02587	1	0.0211238	6
2TBY5:01542:02121	1	0.0211238	6
2TBY5:01540:01565	1	0.0211238	6
2TBY5:01537:01463	1	0.0211238	6
2TBY5:01537:00905	1	0.0211238	6
2TBY5:01535:02631	1	0.0211238	6
2TBY5:01535:02141	1	0.0211238	6
2TBY5:01533:02904	1	0.0211238	6
2TBY5:01533:02706	1	0.0211238	6
2TBY5:01533:01686	1	0.0211238	6
2TBY5:01533:00926	1	0.0211238	6
2TBY5:01532:01773	1	0.0211238	6
2TBY5:01532:00529	1	0.0211238	6
2TBY5:01531:01398	1	0.0211238	6
2TBY5:01531:00792	1	0.0211238	6
2TBY5:01527:01799	1	0.0211238	6
2TBY5:01527:01124	1	0.0211238	6
2TBY5:01526:01558	1	0.0211238	6
2TBY5:01524:01058	1	0.0211238	6
2TBY5:01523:02596	1	0.0211238	6
2TBY5:01523:01718	1	0.0211238	6
2TBY5:01522:01684	1	0.0211238	6
2TBY5:01522:00492	1	0.0211238	6
2TBY5:01521:03224	1	0.0211238	6
2TBY5:01520:03229	1	0.0211238	6
2TBY5:01520:02159	1	0.0211238	6
2TBY5:01519:03146	1	0.0211238	6
2TBY5:01519:02068	1	0.0211238	6
2TBY5:01519:01069	1	0.0211238	6
2TBY5:01518:00498	1	0.0211238	6
2TBY5:01517:02283	1	0.0211238	6
2TBY5:01516:02675	1	0.0211238	6
2TBY5:01515:01704	1	0.0211238	6
2TBY5:01514:00687	1	0.0211238	6
2TBY5:01512:02385	1	0.0211238	6
2TBY5:01512:02301	1	0.0211238	6
2TBY5:01512:01311	1	0.0211238	6
2TBY5:01511:02200	1	0.0211238	6
2TBY5:01511:01958	1	0.0211238	6
2TBY5:01505:01365	1	0.0211238	6
2TBY5:01505:00820	1	0.0211238	6
2TBY5:01502:01596	1	0.0211238	6
2TBY5:01500:01539	1	0.0211238	6
2TBY5:01499:02562	1	0.0211238	6
2TBY5:01498:02304	1	0.0211238	6
2TBY5:01498:01287	1	0.0211238	6
2TBY5:01498:01020	1	0.0211238	6
2TBY5:01497:02885	1	0.0211238	6
2TBY5:01496:02747	1	0.0211238	6
2TBY5:01496:01293	1	0.0211238	6
2TBY5:01492:02701	1	0.0211238	6
2TBY5:01488:01724	1	0.0211238	6
2TBY5:01487:01144	1	0.0211238	6
2TBY5:01484:02894	1	0.0211238	6
2TBY5:01483:01329	1	0.0211238	6
2TBY5:01483:01124	1	0.0211238	6
2TBY5:01482:02342	1	0.0211238	6
2TBY5:01481:02654	1	0.0211238	6
2TBY5:01480:02551	1	0.0211238	6
2TBY5:01480:02402	1	0.0211238	6
2TBY5:01478:00889	1	0.0211238	6
2TBY5:01477:02960	1	0.0211238	6
2TBY5:01476:00708	1	0.0211238	6
2TBY5:01475:03184	1	0.0211238	6
2TBY5:01472:02549	1	0.0211238	6
2TBY5:01471:01013	1	0.0211238	6
2TBY5:01464:03116	1	0.0211238	6
2TBY5:01464:00978	1	0.0211238	6
2TBY5:01463:02916	1	0.0211238	6
2TBY5:01462:01251	1	0.0211238	6
2TBY5:01461:01257	1	0.0211238	6
2TBY5:01460:03359	1	0.0211238	6
2TBY5:01460:00693	1	0.0211238	6
2TBY5:01459:01711	1	0.0211238	6
2TBY5:01459:01470	1	0.0211238	6
2TBY5:01458:01371	1	0.0211238	6
2TBY5:01457:02286	1	0.0211238	6
2TBY5:01455:01347	1	0.0211238	6
2TBY5:01453:03330	1	0.0211238	6
2TBY5:01452:01318	1	0.0211238	6
2TBY5:01451:02712	1	0.0211238	6
2TBY5:01450:03255	1	0.0211238	6
2TBY5:01450:02953	1	0.0211238	6
2TBY5:01447:02996	1	0.0211238	6
2TBY5:01447:02924	1	0.0211238	6
2TBY5:01445:02305	1	0.0211238	6
2TBY5:01444:01304	1	0.0211238	6
2TBY5:01444:01128	1	0.0211238	6
2TBY5:01443:02796	1	0.0211238	6
2TBY5:01443:00810	1	0.0211238	6
2TBY5:01441:02922	1	0.0211238	6
2TBY5:01441:00749	1	0.0211238	6
2TBY5:01440:02344	1	0.0211238	6
2TBY5:01439:02746	1	0.0211238	6
2TBY5:01439:01309	1	0.0211238	6
2TBY5:01438:02579	1	0.0211238	6
2TBY5:01437:01661	1	0.0211238	6
2TBY5:01430:01113	1	0.0211238	6
2TBY5:01429:02793	1	0.0211238	6
2TBY5:01429:01934	1	0.0211238	6
2TBY5:01427:02203	1	0.0211238	6
2TBY5:01424:03086	1	0.0211238	6
2TBY5:01424:02953	1	0.0211238	6
2TBY5:01423:02845	1	0.0211238	6
2TBY5:01421:02801	1	0.0211238	6
2TBY5:01421:02431	1	0.0211238	6
2TBY5:01421:02353	1	0.0211238	6
2TBY5:01421:02256	1	0.0211238	6
2TBY5:01421:01036	1	0.0211238	6
2TBY5:01421:00971	1	0.0211238	6
2TBY5:01420:02635	1	0.0211238	6
2TBY5:01420:01383	1	0.0211238	6
2TBY5:01420:00923	1	0.0211238	6
2TBY5:01419:02561	1	0.0211238	6
2TBY5:01418:02068	1	0.0211238	6
2TBY5:01416:02220	1	0.0211238	6
2TBY5:01416:01004	1	0.0211238	6
2TBY5:01410:01115	1	0.0211238	6
2TBY5:01409:03382	1	0.0211238	6
2TBY5:01409:02385	1	0.0211238	6
2TBY5:01408:00707	1	0.0211238	6
2TBY5:01407:01675	1	0.0211238	6
2TBY5:01407:01361	1	0.0211238	6
2TBY5:01406:01502	1	0.0211238	6
2TBY5:01405:01031	1	0.0211238	6
2TBY5:01402:02690	1	0.0211238	6
2TBY5:01401:01049	1	0.0211238	6
2TBY5:01399:01154	1	0.0211238	6
2TBY5:01397:01507	1	0.0211238	6
2TBY5:01396:03128	1	0.0211238	6
2TBY5:01395:02801	1	0.0211238	6
2TBY5:01395:02256	1	0.0211238	6
2TBY5:01395:01343	1	0.0211238	6
2TBY5:01395:01030	1	0.0211238	6
2TBY5:01394:01607	1	0.0211238	6
2TBY5:01394:01540	1	0.0211238	6
2TBY5:01392:01471	1	0.0211238	6
2TBY5:01391:03025	1	0.0211238	6
2TBY5:01391:02069	1	0.0211238	6
2TBY5:01390:02066	1	0.0211238	6
2TBY5:01389:02063	1	0.0211238	6
2TBY5:01387:01792	1	0.0211238	6
2TBY5:01386:02704	1	0.0211238	6
2TBY5:01383:01686	1	0.0211238	6
2TBY5:01381:00797	1	0.0211238	6
2TBY5:01380:00838	1	0.0211238	6
2TBY5:01379:01021	1	0.0211238	6
2TBY5:01378:02676	1	0.0211238	6
2TBY5:01378:02394	1	0.0211238	6
2TBY5:01374:02801	1	0.0211238	6
2TBY5:01374:01194	1	0.0211238	6
2TBY5:01374:01190	1	0.0211238	6
2TBY5:01373:02987	1	0.0211238	6
2TBY5:01373:02462	1	0.0211238	6
2TBY5:01373:02092	1	0.0211238	6
2TBY5:01373:01193	1	0.0211238	6
2TBY5:01372:03243	1	0.0211238	6
2TBY5:01372:02907	1	0.0211238	6
2TBY5:01372:02691	1	0.0211238	6
2TBY5:01370:02313	1	0.0211238	6
2TBY5:01369:01101	1	0.0211238	6
2TBY5:01367:03208	1	0.0211238	6
2TBY5:01367:02938	1	0.0211238	6
2TBY5:01366:02939	1	0.0211238	6
2TBY5:01365:01925	1	0.0211238	6
2TBY5:01365:00884	1	0.0211238	6
2TBY5:01364:02111	1	0.0211238	6
2TBY5:01360:01819	1	0.0211238	6
2TBY5:01360:01681	1	0.0211238	6
2TBY5:01360:01255	1	0.0211238	6
2TBY5:01359:02666	1	0.0211238	6
2TBY5:01359:01275	1	0.0211238	6
2TBY5:01358:01557	1	0.0211238	6
2TBY5:01357:03253	1	0.0211238	6
2TBY5:01355:01308	1	0.0211238	6
2TBY5:01355:00716	1	0.0211238	6
2TBY5:01354:02075	1	0.0211238	6
2TBY5:01352:01032	1	0.0211238	6
2TBY5:01351:02040	1	0.0211238	6
2TBY5:01351:01890	1	0.0211238	6
2TBY5:01347:03309	1	0.0211238	6
2TBY5:01347:01786	1	0.0211238	6
2TBY5:01346:03314	1	0.0211238	6
2TBY5:01346:03087	1	0.0211238	6
2TBY5:01346:02469	1	0.0211238	6
2TBY5:01345:01729	1	0.0211238	6
2TBY5:01344:01385	1	0.0211238	6
2TBY5:01344:00913	1	0.0211238	6
2TBY5:01343:01169	1	0.0211238	6
2TBY5:01342:03061	1	0.0211238	6
2TBY5:01342:02887	1	0.0211238	6
2TBY5:01342:01027	1	0.0211238	6
2TBY5:01341:03072	1	0.0211238	6
2TBY5:01341:03037	1	0.0211238	6
2TBY5:01339:02897	1	0.0211238	6
2TBY5:01339:02796	1	0.0211238	6
2TBY5:01338:02331	1	0.0211238	6
2TBY5:01336:03060	1	0.0211238	6
2TBY5:01332:02542	1	0.0211238	6
2TBY5:01332:01411	1	0.0211238	6
2TBY5:01332:01311	1	0.0211238	6
2TBY5:01327:02063	1	0.0211238	6
2TBY5:01327:00929	1	0.0211238	6
2TBY5:01326:01817	1	0.0211238	6
2TBY5:01325:02836	1	0.0211238	6
2TBY5:01324:03289	1	0.0211238	6
2TBY5:01322:03282	1	0.0211238	6
2TBY5:01319:01108	1	0.0211238	6
2TBY5:01319:00915	1	0.0211238	6
2TBY5:01318:01498	1	0.0211238	6
2TBY5:01318:00956	1	0.0211238	6
2TBY5:01317:00946	1	0.0211238	6
2TBY5:01316:03268	1	0.0211238	6
2TBY5:01316:02892	1	0.0211238	6
2TBY5:01316:02667	1	0.0211238	6
2TBY5:01316:02503	1	0.0211238	6
2TBY5:01316:02022	1	0.0211238	6
2TBY5:01316:01173	1	0.0211238	6
2TBY5:01315:01633	1	0.0211238	6
2TBY5:01311:02796	1	0.0211238	6
2TBY5:01311:02654	1	0.0211238	6
2TBY5:01309:03238	1	0.0211238	6
2TBY5:01309:03227	1	0.0211238	6
2TBY5:01309:02605	1	0.0211238	6
2TBY5:01307:01022	1	0.0211238	6
2TBY5:01305:02131	1	0.0211238	6
2TBY5:01305:01462	1	0.0211238	6
2TBY5:01304:03101	1	0.0211238	6
2TBY5:01304:02419	1	0.0211238	6
2TBY5:01303:02349	1	0.0211238	6
2TBY5:01303:01817	1	0.0211238	6
2TBY5:01301:02946	1	0.0211238	6
2TBY5:01299:01952	1	0.0211238	6
2TBY5:01299:01697	1	0.0211238	6
2TBY5:01299:01075	1	0.0211238	6
2TBY5:01298:02697	1	0.0211238	6
2TBY5:01298:02212	1	0.0211238	6
2TBY5:01298:02130	1	0.0211238	6
2TBY5:01297:02799	1	0.0211238	6
2TBY5:01296:03130	1	0.0211238	6
2TBY5:01291:01238	1	0.0211238	6
2TBY5:01289:01924	1	0.0211238	6
2TBY5:01289:01266	1	0.0211238	6
2TBY5:01289:01039	1	0.0211238	6
2TBY5:01288:02802	1	0.0211238	6
2TBY5:01288:01144	1	0.0211238	6
2TBY5:01288:01121	1	0.0211238	6
2TBY5:01287:02201	1	0.0211238	6
2TBY5:01287:02095	1	0.0211238	6
2TBY5:01286:02272	1	0.0211238	6
2TBY5:01284:03374	1	0.0211238	6
2TBY5:01283:02110	1	0.0211238	6
2TBY5:01281:01477	1	0.0211238	6
2TBY5:01281:00958	1	0.0211238	6
2TBY5:01280:03079	1	0.0211238	6
2TBY5:01280:01683	1	0.0211238	6
2TBY5:01279:03373	1	0.0211238	6
2TBY5:01277:03155	1	0.0211238	6
2TBY5:01277:02645	1	0.0211238	6
2TBY5:01277:02549	1	0.0211238	6
2TBY5:01276:02798	1	0.0211238	6
2TBY5:01274:02445	1	0.0211238	6
2TBY5:01274:02363	1	0.0211238	6
2TBY5:01274:01530	1	0.0211238	6
2TBY5:01274:01464	1	0.0211238	6
2TBY5:01273:02844	1	0.0211238	6
2TBY5:01273:01927	1	0.0211238	6
2TBY5:01273:00927	1	0.0211238	6
2TBY5:01270:01765	1	0.0211238	6
2TBY5:01270:01108	1	0.0211238	6
2TBY5:01269:03133	1	0.0211238	6
2TBY5:01269:02582	1	0.0211238	6
2TBY5:01269:01447	1	0.0211238	6
2TBY5:01268:02965	1	0.0211238	6
2TBY5:01267:00903	1	0.0211238	6
2TBY5:01265:01895	1	0.0211238	6
2TBY5:01265:01171	1	0.0211238	6
2TBY5:01264:01297	1	0.0211238	6
2TBY5:01263:01111	1	0.0211238	6
2TBY5:01263:01060	1	0.0211238	6
2TBY5:01262:03025	1	0.0211238	6
2TBY5:01261:03149	1	0.0211238	6
2TBY5:01260:02237	1	0.0211238	6
2TBY5:01258:02571	1	0.0211238	6
2TBY5:01258:02018	1	0.0211238	6
2TBY5:01256:03087	1	0.0211238	6
2TBY5:01255:02935	1	0.0211238	6
2TBY5:01255:01136	1	0.0211238	6
2TBY5:01254:02420	1	0.0211238	6
2TBY5:01253:02871	1	0.0211238	6
2TBY5:01252:02225	1	0.0211238	6
2TBY5:01251:03247	1	0.0211238	6
2TBY5:01251:02687	1	0.0211238	6
2TBY5:01251:01959	1	0.0211238	6
2TBY5:01251:00810	1	0.0211238	6
2TBY5:01250:02018	1	0.0211238	6
2TBY5:01249:03125	1	0.0211238	6
2TBY5:01248:02622	1	0.0211238	6
2TBY5:01246:02456	1	0.0211238	6
2TBY5:01245:03038	1	0.0211238	6
2TBY5:01245:02161	1	0.0211238	6
2TBY5:01245:01141	1	0.0211238	6
2TBY5:01245:01064	1	0.0211238	6
2TBY5:01240:00862	1	0.0211238	6
2TBY5:01239:02926	1	0.0211238	6
2TBY5:01238:02951	1	0.0211238	6
2TBY5:01238:01909	1	0.0211238	6
2TBY5:01237:02408	1	0.0211238	6
2TBY5:01235:01120	1	0.0211238	6
2TBY5:01234:02554	1	0.0211238	6
2TBY5:01234:01120	1	0.0211238	6
2TBY5:01233:02991	1	0.0211238	6
2TBY5:01233:00816	1	0.0211238	6
2TBY5:01232:02607	1	0.0211238	6
2TBY5:01232:01169	1	0.0211238	6
2TBY5:01231:00939	1	0.0211238	6
2TBY5:01230:03347	1	0.0211238	6
2TBY5:01229:02319	1	0.0211238	6
2TBY5:01229:01558	1	0.0211238	6
2TBY5:01228:03316	1	0.0211238	6
2TBY5:01228:02980	1	0.0211238	6
2TBY5:01226:03376	1	0.0211238	6
2TBY5:01225:02780	1	0.0211238	6
2TBY5:01225:01435	1	0.0211238	6
2TBY5:01224:03181	1	0.0211238	6
2TBY5:01223:01191	1	0.0211238	6
2TBY5:01223:00979	1	0.0211238	6
2TBY5:01221:03159	1	0.0211238	6
2TBY5:01221:02971	1	0.0211238	6
2TBY5:01221:01676	1	0.0211238	6
2TBY5:01219:01105	1	0.0211238	6
2TBY5:01218:01472	1	0.0211238	6
2TBY5:01218:00966	1	0.0211238	6
2TBY5:01217:02572	1	0.0211238	6
2TBY5:01214:01825	1	0.0211238	6
2TBY5:01213:02269	1	0.0211238	6
2TBY5:01211:02668	1	0.0211238	6
2TBY5:01210:01618	1	0.0211238	6
2TBY5:01208:01377	1	0.0211238	6
2TBY5:01207:01276	1	0.0211238	6
2TBY5:01206:01613	1	0.0211238	6
2TBY5:01205:01481	1	0.0211238	6
2TBY5:01204:02838	1	0.0211238	6
2TBY5:01204:01080	1	0.0211238	6
2TBY5:01201:03215	1	0.0211238	6
2TBY5:01201:01992	1	0.0211238	6
2TBY5:01201:01508	1	0.0211238	6
2TBY5:01199:03266	1	0.0211238	6
2TBY5:01198:01246	1	0.0211238	6
2TBY5:01195:03020	1	0.0211238	6
2TBY5:01194:01673	1	0.0211238	6
2TBY5:01194:01099	1	0.0211238	6
2TBY5:01192:02708	1	0.0211238	6
2TBY5:01192:02197	1	0.0211238	6
2TBY5:01192:01970	1	0.0211238	6
2TBY5:01191:03017	1	0.0211238	6
2TBY5:01191:02209	1	0.0211238	6
2TBY5:01190:01073	1	0.0211238	6
2TBY5:01187:02877	1	0.0211238	6
2TBY5:01186:02083	1	0.0211238	6
2TBY5:01185:01954	1	0.0211238	6
2TBY5:01183:02629	1	0.0211238	6
2TBY5:01183:02183	1	0.0211238	6
2TBY5:01183:01527	1	0.0211238	6
2TBY5:01181:02780	1	0.0211238	6
2TBY5:01181:02501	1	0.0211238	6
2TBY5:01180:02737	1	0.0211238	6
2TBY5:01179:03167	1	0.0211238	6
2TBY5:01179:02320	1	0.0211238	6
2TBY5:01179:01883	1	0.0211238	6
2TBY5:01178:03204	1	0.0211238	6
2TBY5:01178:01645	1	0.0211238	6
2TBY5:01176:01774	1	0.0211238	6
2TBY5:01176:01548	1	0.0211238	6
2TBY5:01175:01354	1	0.0211238	6
2TBY5:01174:01593	1	0.0211238	6
2TBY5:01172:00928	1	0.0211238	6
2TBY5:01170:03019	1	0.0211238	6
2TBY5:01170:01044	1	0.0211238	6
2TBY5:01170:00836	1	0.0211238	6
2TBY5:01168:01838	1	0.0211238	6
2TBY5:01167:02390	1	0.0211238	6
2TBY5:01166:01803	1	0.0211238	6
2TBY5:01165:01207	1	0.0211238	6
2TBY5:01164:02238	1	0.0211238	6
2TBY5:01164:00889	1	0.0211238	6
2TBY5:01163:01626	1	0.0211238	6
2TBY5:01161:02176	1	0.0211238	6
2TBY5:01160:03075	1	0.0211238	6
2TBY5:01160:02259	1	0.0211238	6
2TBY5:01160:01755	1	0.0211238	6
2TBY5:01160:01371	1	0.0211238	6
2TBY5:01158:02464	1	0.0211238	6
2TBY5:01158:01753	1	0.0211238	6
2TBY5:01157:02815	1	0.0211238	6
2TBY5:01156:01747	1	0.0211238	6
2TBY5:01155:02097	1	0.0211238	6
2TBY5:01154:02473	1	0.0211238	6
2TBY5:01153:01677	1	0.0211238	6
2TBY5:01152:01916	1	0.0211238	6
2TBY5:01152:01528	1	0.0211238	6
2TBY5:01151:02956	1	0.0211238	6
2TBY5:01148:01499	1	0.0211238	6
2TBY5:01148:01153	1	0.0211238	6
2TBY5:01144:01521	1	0.0211238	6
2TBY5:01143:02931	1	0.0211238	6
2TBY5:01142:02312	1	0.0211238	6
2TBY5:01141:01542	1	0.0211238	6
2TBY5:01139:02868	1	0.0211238	6
2TBY5:01139:01312	1	0.0211238	6
2TBY5:01139:01296	1	0.0211238	6
2TBY5:01138:02999	1	0.0211238	6
2TBY5:01138:01134	1	0.0211238	6
2TBY5:01138:01080	1	0.0211238	6
2TBY5:01137:02521	1	0.0211238	6
2TBY5:01136:03223	1	0.0211238	6
2TBY5:01136:03114	1	0.0211238	6
2TBY5:01136:00962	1	0.0211238	6
2TBY5:01135:03135	1	0.0211238	6
2TBY5:01134:01212	1	0.0211238	6
2TBY5:01134:00979	1	0.0211238	6
2TBY5:01133:02304	1	0.0211238	6
2TBY5:01132:02579	1	0.0211238	6
2TBY5:01132:01297	1	0.0211238	6
2TBY5:01132:01259	1	0.0211238	6
2TBY5:01132:00836	1	0.0211238	6
2TBY5:01130:01698	1	0.0211238	6
2TBY5:01129:02101	1	0.0211238	6
2TBY5:01129:01643	1	0.0211238	6
2TBY5:01127:02466	1	0.0211238	6
2TBY5:01127:01167	1	0.0211238	6
2TBY5:01126:02514	1	0.0211238	6
2TBY5:01125:01786	1	0.0211238	6
2TBY5:01124:02094	1	0.0211238	6
2TBY5:01124:00967	1	0.0211238	6
2TBY5:01121:03092	1	0.0211238	6
2TBY5:01121:02175	1	0.0211238	6
2TBY5:01121:01277	1	0.0211238	6
2TBY5:01120:03156	1	0.0211238	6
2TBY5:01120:01382	1	0.0211238	6
2TBY5:01120:01096	1	0.0211238	6
2TBY5:01119:02683	1	0.0211238	6
2TBY5:01119:01580	1	0.0211238	6
2TBY5:01118:01618	1	0.0211238	6
2TBY5:01117:02209	1	0.0211238	6
2TBY5:01116:01972	1	0.0211238	6
2TBY5:01115:03243	1	0.0211238	6
2TBY5:01114:01522	1	0.0211238	6
2TBY5:01113:01152	1	0.0211238	6
2TBY5:01112:02816	1	0.0211238	6
2TBY5:01111:02178	1	0.0211238	6
2TBY5:01111:02133	1	0.0211238	6
2TBY5:01111:01785	1	0.0211238	6
2TBY5:01110:01438	1	0.0211238	6
2TBY5:01109:01326	1	0.0211238	6
2TBY5:01106:03052	1	0.0211238	6
2TBY5:01105:02259	1	0.0211238	6
2TBY5:01105:02084	1	0.0211238	6
2TBY5:01104:02761	1	0.0211238	6
2TBY5:01104:02354	1	0.0211238	6
2TBY5:01102:01016	1	0.0211238	6
2TBY5:01101:03032	1	0.0211238	6
2TBY5:01101:01853	1	0.0211238	6
2TBY5:01099:02942	1	0.0211238	6
2TBY5:01097:02652	1	0.0211238	6
2TBY5:01097:02326	1	0.0211238	6
2TBY5:01096:03260	1	0.0211238	6
2TBY5:01096:01675	1	0.0211238	6
2TBY5:01095:01881	1	0.0211238	6
2TBY5:01094:01905	1	0.0211238	6
2TBY5:01093:03319	1	0.0211238	6
2TBY5:01091:03161	1	0.0211238	6
2TBY5:01090:01877	1	0.0211238	6
2TBY5:01089:01346	1	0.0211238	6
2TBY5:01086:02044	1	0.0211238	6
2TBY5:01084:01834	1	0.0211238	6
2TBY5:01083:02452	1	0.0211238	6
2TBY5:01083:01839	1	0.0211238	6
2TBY5:01083:01725	1	0.0211238	6
2TBY5:01083:01710	1	0.0211238	6
2TBY5:01083:01403	1	0.0211238	6
2TBY5:01082:01707	1	0.0211238	6
2TBY5:01080:01381	1	0.0211238	6
2TBY5:01079:02345	1	0.0211238	6
2TBY5:01078:02728	1	0.0211238	6
2TBY5:01078:02336	1	0.0211238	6
2TBY5:01077:02310	1	0.0211238	6
2TBY5:01075:01379	1	0.0211238	6
2TBY5:01074:01120	1	0.0211238	6
2TBY5:01071:02468	1	0.0211238	6
2TBY5:01071:01442	1	0.0211238	6
2TBY5:01070:03214	1	0.0211238	6
2TBY5:01069:01283	1	0.0211238	6
2TBY5:01068:03138	1	0.0211238	6
2TBY5:01068:02324	1	0.0211238	6
2TBY5:01068:02230	1	0.0211238	6
2TBY5:01068:01493	1	0.0211238	6
2TBY5:01067:01074	1	0.0211238	6
2TBY5:01065:01646	1	0.0211238	6
2TBY5:01064:02536	1	0.0211238	6
2TBY5:01064:02351	1	0.0211238	6
2TBY5:01063:02929	1	0.0211238	6
2TBY5:01062:02628	1	0.0211238	6
2TBY5:01062:02621	1	0.0211238	6
2TBY5:01059:02164	1	0.0211238	6
2TBY5:01056:02689	1	0.0211238	6
2TBY5:01055:03229	1	0.0211238	6
2TBY5:01054:01278	1	0.0211238	6
2TBY5:01053:02549	1	0.0211238	6
2TBY5:01053:00937	1	0.0211238	6
2TBY5:01052:01383	1	0.0211238	6
2TBY5:01051:01939	1	0.0211238	6
2TBY5:01050:01844	1	0.0211238	6
2TBY5:01049:01850	1	0.0211238	6
2TBY5:01047:02374	1	0.0211238	6
2TBY5:01047:02340	1	0.0211238	6
2TBY5:01045:02512	1	0.0211238	6
2TBY5:01045:01401	1	0.0211238	6
2TBY5:01044:01145	1	0.0211238	6
2TBY5:01043:02524	1	0.0211238	6
2TBY5:01043:02274	1	0.0211238	6
2TBY5:01043:01617	1	0.0211238	6
2TBY5:01043:01325	1	0.0211238	6
2TBY5:01043:01168	1	0.0211238	6
2TBY5:01042:00954	1	0.0211238	6
2TBY5:01041:02028	1	0.0211238	6
2TBY5:01040:01813	1	0.0211238	6
2TBY5:01040:01604	1	0.0211238	6
2TBY5:01038:02720	1	0.0211238	6
2TBY5:01037:02874	1	0.0211238	6
2TBY5:01037:01137	1	0.0211238	6
2TBY5:01036:02386	1	0.0211238	6
2TBY5:01035:02836	1	0.0211238	6
2TBY5:01034:02010	1	0.0211238	6
2TBY5:01031:03175	1	0.0211238	6
2TBY5:01031:02503	1	0.0211238	6
2TBY5:01031:01169	1	0.0211238	6
2TBY5:01031:01055	1	0.0211238	6
2TBY5:01028:02932	1	0.0211238	6
2TBY5:01028:02732	1	0.0211238	6
2TBY5:01025:01950	1	0.0211238	6
2TBY5:01023:01890	1	0.0211238	6
2TBY5:01023:01645	1	0.0211238	6
2TBY5:01021:03000	1	0.0211238	6
2TBY5:01021:02792	1	0.0211238	6
2TBY5:01021:02369	1	0.0211238	6
2TBY5:01020:03326	1	0.0211238	6
2TBY5:01020:03068	1	0.0211238	6
2TBY5:01020:03065	1	0.0211238	6
2TBY5:01020:01071	1	0.0211238	6
2TBY5:01019:00925	1	0.0211238	6
2TBY5:01018:02579	1	0.0211238	6
2TBY5:01017:01700	1	0.0211238	6
2TBY5:01017:01372	1	0.0211238	6
2TBY5:01015:02064	1	0.0211238	6
2TBY5:01014:01693	1	0.0211238	6
2TBY5:01013:02153	1	0.0211238	6
2TBY5:01011:02544	1	0.0211238	6
2TBY5:01011:02411	1	0.0211238	6
2TBY5:01010:02657	1	0.0211238	6
2TBY5:01008:02389	1	0.0211238	6
2TBY5:01008:01116	1	0.0211238	6
2TBY5:01006:00910	1	0.0211238	6
2TBY5:01003:01980	1	0.0211238	6
2TBY5:01003:01640	1	0.0211238	6
2TBY5:01001:02309	1	0.0211238	6
2TBY5:01001:02143	1	0.0211238	6
2TBY5:01001:01214	1	0.0211238	6
2TBY5:01000:01332	1	0.0211238	6
2TBY5:00998:02450	1	0.0211238	6
2TBY5:00998:01038	1	0.0211238	6
2TBY5:00997:02613	1	0.0211238	6
2TBY5:00997:02586	1	0.0211238	6
2TBY5:00997:01544	1	0.0211238	6
2TBY5:00994:02394	1	0.0211238	6
2TBY5:00994:01952	1	0.0211238	6
2TBY5:00993:01843	1	0.0211238	6
2TBY5:00991:01904	1	0.0211238	6
2TBY5:00989:03178	1	0.0211238	6
2TBY5:00989:01245	1	0.0211238	6
2TBY5:00987:01310	1	0.0211238	6
2TBY5:00985:02009	1	0.0211238	6
2TBY5:00984:02769	1	0.0211238	6
2TBY5:00984:02719	1	0.0211238	6
2TBY5:00981:01958	1	0.0211238	6
2TBY5:00977:01161	1	0.0211238	6
2TBY5:00975:03012	1	0.0211238	6
2TBY5:00974:02675	1	0.0211238	6
2TBY5:00969:01305	1	0.0211238	6
2TBY5:00967:01329	1	0.0211238	6
2TBY5:00967:01281	1	0.0211238	6
2TBY5:00966:02896	1	0.0211238	6
2TBY5:00966:02733	1	0.0211238	6
2TBY5:00966:02297	1	0.0211238	6
2TBY5:00965:02615	1	0.0211238	6
2TBY5:00964:02869	1	0.0211238	6
2TBY5:00964:01879	1	0.0211238	6
2TBY5:00963:03305	1	0.0211238	6
2TBY5:00963:02222	1	0.0211238	6
2TBY5:00962:00940	1	0.0211238	6
2TBY5:00961:02075	1	0.0211238	6
2TBY5:00961:01410	1	0.0211238	6
2TBY5:00960:02030	1	0.0211238	6
2TBY5:00959:02643	1	0.0211238	6
2TBY5:00959:01543	1	0.0211238	6
2TBY5:00957:02035	1	0.0211238	6
2TBY5:00957:01229	1	0.0211238	6
2TBY5:00957:00978	1	0.0211238	6
2TBY5:00956:02838	1	0.0211238	6
2TBY5:00954:02140	1	0.0211238	6
2TBY5:00953:01356	1	0.0211238	6
2TBY5:00952:02157	1	0.0211238	6
2TBY5:00952:01493	1	0.0211238	6
2TBY5:00951:01010	1	0.0211238	6
2TBY5:00950:01724	1	0.0211238	6
2TBY5:00949:02564	1	0.0211238	6
2TBY5:00949:01688	1	0.0211238	6
2TBY5:00947:01771	1	0.0211238	6
2TBY5:00946:01393	1	0.0211238	6
2TBY5:00942:03000	1	0.0211238	6
2TBY5:00942:02279	1	0.0211238	6
2TBY5:00942:00889	1	0.0211238	6
2TBY5:00941:02081	1	0.0211238	6
2TBY5:00940:02637	1	0.0211238	6
2TBY5:00940:02272	1	0.0211238	6
2TBY5:00939:00899	1	0.0211238	6
2TBY5:00938:01619	1	0.0211238	6
2TBY5:00938:00999	1	0.0211238	6
2TBY5:00933:03155	1	0.0211238	6
2TBY5:00933:02188	1	0.0211238	6
2TBY5:00933:02090	1	0.0211238	6
2TBY5:00930:01917	1	0.0211238	6
2TBY5:00930:00968	1	0.0211238	6
2TBY5:00929:02864	1	0.0211238	6
2TBY5:00928:02327	1	0.0211238	6
2TBY5:00928:01747	1	0.0211238	6
2TBY5:00923:01369	1	0.0211238	6
2TBY5:00921:01323	1	0.0211238	6
2TBY5:00920:02515	1	0.0211238	6
2TBY5:00919:02809	1	0.0211238	6
2TBY5:00919:01770	1	0.0211238	6
2TBY5:00919:00969	1	0.0211238	6
2TBY5:00917:01119	1	0.0211238	6
2TBY5:00914:03261	1	0.0211238	6
2TBY5:00912:02660	1	0.0211238	6
2TBY5:00911:01993	1	0.0211238	6
2TBY5:00910:02777	1	0.0211238	6
2TBY5:00910:02367	1	0.0211238	6
2TBY5:00910:02026	1	0.0211238	6
2TBY5:00910:02007	1	0.0211238	6
2TBY5:00910:01621	1	0.0211238	6
2TBY5:00909:02938	1	0.0211238	6
2TBY5:00909:02140	1	0.0211238	6
2TBY5:00906:03137	1	0.0211238	6
2TBY5:00906:01880	1	0.0211238	6
2TBY5:00905:02729	1	0.0211238	6
2TBY5:00905:02057	1	0.0211238	6
2TBY5:00903:03119	1	0.0211238	6
2TBY5:00903:01560	1	0.0211238	6
2TBY5:00902:01794	1	0.0211238	6
2TBY5:00902:00908	1	0.0211238	6
2TBY5:00901:02734	1	0.0211238	6
2TBY5:00901:02592	1	0.0211238	6
2TBY5:00901:01394	1	0.0211238	6
2TBY5:00897:02866	1	0.0211238	6
2TBY5:00897:01631	1	0.0211238	6
2TBY5:00895:02447	1	0.0211238	6
2TBY5:00894:02830	1	0.0211238	6
2TBY5:00894:01540	1	0.0211238	6
2TBY5:00894:01223	1	0.0211238	6
2TBY5:00891:02133	1	0.0211238	6
2TBY5:00891:01619	1	0.0211238	6
2TBY5:00890:02024	1	0.0211238	6
2TBY5:00889:02890	1	0.0211238	6
2TBY5:00889:01245	1	0.0211238	6
2TBY5:00885:03083	1	0.0211238	6
2TBY5:00885:01863	1	0.0211238	6
2TBY5:00884:01989	1	0.0211238	6
2TBY5:00884:01033	1	0.0211238	6
2TBY5:00883:01712	1	0.0211238	6
2TBY5:00882:01091	1	0.0211238	6
2TBY5:00879:01442	1	0.0211238	6
2TBY5:00876:01033	1	0.0211238	6
2TBY5:00875:02990	1	0.0211238	6
2TBY5:00875:02940	1	0.0211238	6
2TBY5:00875:01257	1	0.0211238	6
2TBY5:00874:03016	1	0.0211238	6
2TBY5:00874:02858	1	0.0211238	6
2TBY5:00874:02715	1	0.0211238	6
2TBY5:00873:02037	1	0.0211238	6
2TBY5:00873:01662	1	0.0211238	6
2TBY5:00872:02141	1	0.0211238	6
2TBY5:00872:01254	1	0.0211238	6
2TBY5:00871:02934	1	0.0211238	6
2TBY5:00870:02367	1	0.0211238	6
2TBY5:00870:02188	1	0.0211238	6
2TBY5:00869:02426	1	0.0211238	6
2TBY5:00869:01896	1	0.0211238	6
2TBY5:00866:02941	1	0.0211238	6
2TBY5:00866:01471	1	0.0211238	6
2TBY5:00865:02088	1	0.0211238	6
2TBY5:00864:02558	1	0.0211238	6
2TBY5:00861:01184	1	0.0211238	6
2TBY5:00860:01531	1	0.0211238	6
2TBY5:00860:01299	1	0.0211238	6
2TBY5:00859:02958	1	0.0211238	6
2TBY5:00859:02453	1	0.0211238	6
2TBY5:00858:01963	1	0.0211238	6
2TBY5:00857:02526	1	0.0211238	6
2TBY5:00856:01828	1	0.0211238	6
2TBY5:00854:02824	1	0.0211238	6
2TBY5:00853:02868	1	0.0211238	6
2TBY5:00853:02046	1	0.0211238	6
2TBY5:00851:01244	1	0.0211238	6
2TBY5:00848:02598	1	0.0211238	6
2TBY5:00847:01923	1	0.0211238	6
2TBY5:00846:02424	1	0.0211238	6
2TBY5:00845:01058	1	0.0211238	6
2TBY5:00844:02925	1	0.0211238	6
2TBY5:00844:02520	1	0.0211238	6
2TBY5:00843:01873	1	0.0211238	6
2TBY5:00843:01793	1	0.0211238	6
2TBY5:00843:01016	1	0.0211238	6
2TBY5:00838:02539	1	0.0211238	6
2TBY5:00838:02474	1	0.0211238	6
2TBY5:00836:02401	1	0.0211238	6
2TBY5:00836:01851	1	0.0211238	6
2TBY5:00836:01514	1	0.0211238	6
2TBY5:00834:02608	1	0.0211238	6
2TBY5:00834:02495	1	0.0211238	6
2TBY5:00833:02838	1	0.0211238	6
2TBY5:00833:02042	1	0.0211238	6
2TBY5:00833:01651	1	0.0211238	6
2TBY5:00832:02178	1	0.0211238	6
2TBY5:00830:02345	1	0.0211238	6
2TBY5:00830:01534	1	0.0211238	6
2TBY5:00829:03047	1	0.0211238	6
2TBY5:00829:01702	1	0.0211238	6
2TBY5:00828:02579	1	0.0211238	6
2TBY5:00827:01261	1	0.0211238	6
2TBY5:00827:01012	1	0.0211238	6
2TBY5:00826:02179	1	0.0211238	6
2TBY5:00825:02538	1	0.0211238	6
2TBY5:00824:02050	1	0.0211238	6
2TBY5:00822:01924	1	0.0211238	6
2TBY5:00821:03164	1	0.0211238	6
2TBY5:00820:02742	1	0.0211238	6
2TBY5:00819:02189	1	0.0211238	6
2TBY5:00818:01973	1	0.0211238	6
2TBY5:00817:01942	1	0.0211238	6
2TBY5:00814:02941	1	0.0211238	6
2TBY5:00814:01641	1	0.0211238	6
2TBY5:00813:01747	1	0.0211238	6
2TBY5:00811:02440	1	0.0211238	6
2TBY5:00811:02409	1	0.0211238	6
2TBY5:00810:01857	1	0.0211238	6
2TBY5:00809:01802	1	0.0211238	6
2TBY5:00809:01372	1	0.0211238	6
2TBY5:00809:01022	1	0.0211238	6
2TBY5:00807:01030	1	0.0211238	6
2TBY5:00806:02925	1	0.0211238	6
2TBY5:00806:02698	1	0.0211238	6
2TBY5:00805:00981	1	0.0211238	6
2TBY5:00804:02663	1	0.0211238	6
2TBY5:00804:02147	1	0.0211238	6
2TBY5:00803:01128	1	0.0211238	6
2TBY5:00802:02295	1	0.0211238	6
2TBY5:00802:01748	1	0.0211238	6
2TBY5:00799:02522	1	0.0211238	6
2TBY5:00799:02281	1	0.0211238	6
2TBY5:00799:01706	1	0.0211238	6
2TBY5:00797:02884	1	0.0211238	6
2TBY5:00797:01128	1	0.0211238	6
2TBY5:00797:01020	1	0.0211238	6
2TBY5:00796:01824	1	0.0211238	6
2TBY5:00795:01563	1	0.0211238	6
2TBY5:00795:01131	1	0.0211238	6
2TBY5:00794:03132	1	0.0211238	6
2TBY5:00794:01588	1	0.0211238	6
2TBY5:00792:02332	1	0.0211238	6
2TBY5:00792:02261	1	0.0211238	6
2TBY5:00792:01859	1	0.0211238	6
2TBY5:00792:01490	1	0.0211238	6
2TBY5:00791:01924	1	0.0211238	6
2TBY5:00789:01840	1	0.0211238	6
2TBY5:00787:03030	1	0.0211238	6
2TBY5:00784:01773	1	0.0211238	6
2TBY5:00783:02012	1	0.0211238	6
2TBY5:00782:02143	1	0.0211238	6
2TBY5:00780:02774	1	0.0211238	6
2TBY5:00780:01267	1	0.0211238	6
2TBY5:00779:02527	1	0.0211238	6
2TBY5:00778:02853	1	0.0211238	6
2TBY5:00775:02424	1	0.0211238	6
2TBY5:00775:02354	1	0.0211238	6
2TBY5:00775:01804	1	0.0211238	6
2TBY5:00772:02656	1	0.0211238	6
2TBY5:00771:02667	1	0.0211238	6
2TBY5:00771:01970	1	0.0211238	6
2TBY5:00768:02384	1	0.0211238	6
2TBY5:00767:02569	1	0.0211238	6
2TBY5:00767:02565	1	0.0211238	6
2TBY5:00765:01635	1	0.0211238	6
2TBY5:00763:02092	1	0.0211238	6
2TBY5:00760:03004	1	0.0211238	6
2TBY5:00759:02580	1	0.0211238	6
2TBY5:00756:03019	1	0.0211238	6
2TBY5:00756:00916	1	0.0211238	6
2TBY5:00755:03209	1	0.0211238	6
2TBY5:00755:00878	1	0.0211238	6
2TBY5:00754:03176	1	0.0211238	6
2TBY5:00754:03030	1	0.0211238	6
2TBY5:00752:02956	1	0.0211238	6
2TBY5:00751:02759	1	0.0211238	6
2TBY5:00751:02042	1	0.0211238	6
2TBY5:00751:01888	1	0.0211238	6
2TBY5:00751:01832	1	0.0211238	6
2TBY5:00750:01537	1	0.0211238	6
2TBY5:00749:02290	1	0.0211238	6
2TBY5:00749:02131	1	0.0211238	6
2TBY5:00749:00961	1	0.0211238	6
2TBY5:00747:01540	1	0.0211238	6
2TBY5:00739:02701	1	0.0211238	6
2TBY5:00738:02802	1	0.0211238	6
2TBY5:00737:01696	1	0.0211238	6
2TBY5:00736:01233	1	0.0211238	6
2TBY5:00733:01237	1	0.0211238	6
2TBY5:00728:02879	1	0.0211238	6
2TBY5:00728:02230	1	0.0211238	6
2TBY5:00728:01699	1	0.0211238	6
2TBY5:00728:01305	1	0.0211238	6
2TBY5:00727:02048	1	0.0211238	6
2TBY5:00726:03108	1	0.0211238	6
2TBY5:00725:01627	1	0.0211238	6
2TBY5:00724:01983	1	0.0211238	6
2TBY5:00722:02950	1	0.0211238	6
2TBY5:00722:02858	1	0.0211238	6
2TBY5:00722:02167	1	0.0211238	6
2TBY5:00721:02829	1	0.0211238	6
2TBY5:00721:01076	1	0.0211238	6
2TBY5:00719:01576	1	0.0211238	6
2TBY5:00718:01602	1	0.0211238	6
2TBY5:00717:02367	1	0.0211238	6
2TBY5:00717:01730	1	0.0211238	6
2TBY5:00714:02473	1	0.0211238	6
2TBY5:00714:01294	1	0.0211238	6
2TBY5:00712:02170	1	0.0211238	6
2TBY5:00707:02986	1	0.0211238	6
2TBY5:00704:02477	1	0.0211238	6
2TBY5:00701:01235	1	0.0211238	6
2TBY5:00699:01347	1	0.0211238	6
2TBY5:00696:02384	1	0.0211238	6
2TBY5:00693:02265	1	0.0211238	6
2TBY5:00693:01567	1	0.0211238	6
2TBY5:00691:03035	1	0.0211238	6
2TBY5:00690:02257	1	0.0211238	6
2TBY5:00689:02896	1	0.0211238	6
2TBY5:00689:02686	1	0.0211238	6
2TBY5:00689:01138	1	0.0211238	6
2TBY5:00684:02638	1	0.0211238	6
2TBY5:00684:02542	1	0.0211238	6
2TBY5:00684:01066	1	0.0211238	6
2TBY5:00684:00934	1	0.0211238	6
2TBY5:00680:02506	1	0.0211238	6
2TBY5:00680:02331	1	0.0211238	6
2TBY5:00677:02966	1	0.0211238	6
2TBY5:00677:02609	1	0.0211238	6
2TBY5:00676:02488	1	0.0211238	6
2TBY5:00676:01935	1	0.0211238	6
2TBY5:00676:01681	1	0.0211238	6
2TBY5:00675:02997	1	0.0211238	6
2TBY5:00675:02543	1	0.0211238	6
2TBY5:00675:02401	1	0.0211238	6
2TBY5:00673:01746	1	0.0211238	6
2TBY5:00671:02246	1	0.0211238	6
2TBY5:00671:02180	1	0.0211238	6
2TBY5:00668:01041	1	0.0211238	6
2TBY5:00667:01427	1	0.0211238	6
2TBY5:00665:03142	1	0.0211238	6
2TBY5:00665:01111	1	0.0211238	6
2TBY5:00664:01838	1	0.0211238	6
2TBY5:00663:02972	1	0.0211238	6
2TBY5:00663:02206	1	0.0211238	6
2TBY5:00662:01557	1	0.0211238	6
2TBY5:00661:01075	1	0.0211238	6
2TBY5:00660:00914	1	0.0211238	6
2TBY5:00657:02220	1	0.0211238	6
2TBY5:00656:02692	1	0.0211238	6
2TBY5:00653:01312	1	0.0211238	6
2TBY5:00651:02362	1	0.0211238	6
2TBY5:00651:00863	1	0.0211238	6
2TBY5:00650:01380	1	0.0211238	6
2TBY5:00641:02331	1	0.0211238	6
2TBY5:00641:01734	1	0.0211238	6
2TBY5:00640:01823	1	0.0211238	6
2TBY5:00640:00979	1	0.0211238	6
2TBY5:00639:01793	1	0.0211238	6
2TBY5:00638:01737	1	0.0211238	6
2TBY5:00638:00929	1	0.0211238	6
2TBY5:00637:03088	1	0.0211238	6
2TBY5:00636:01713	1	0.0211238	6
2TBY5:00635:02320	1	0.0211238	6
2TBY5:00635:01638	1	0.0211238	6
2TBY5:00633:03056	1	0.0211238	6
2TBY5:00633:02540	1	0.0211238	6
2TBY5:00633:02457	1	0.0211238	6
2TBY5:00632:03000	1	0.0211238	6
2TBY5:00632:02403	1	0.0211238	6
2TBY5:00630:02202	1	0.0211238	6
2TBY5:00630:01343	1	0.0211238	6
2TBY5:00629:02078	1	0.0211238	6
2TBY5:00628:02398	1	0.0211238	6
2TBY5:00624:01968	1	0.0211238	6
2TBY5:00623:03114	1	0.0211238	6
2TBY5:00622:01675	1	0.0211238	6
2TBY5:00620:01203	1	0.0211238	6
2TBY5:00618:02187	1	0.0211238	6
2TBY5:00618:00914	1	0.0211238	6
2TBY5:00616:02691	1	0.0211238	6
2TBY5:00615:03056	1	0.0211238	6
2TBY5:00615:01110	1	0.0211238	6
2TBY5:00614:00992	1	0.0211238	6
2TBY5:00613:01582	1	0.0211238	6
2TBY5:00611:02563	1	0.0211238	6
2TBY5:00611:01847	1	0.0211238	6
2TBY5:00611:01721	1	0.0211238	6
2TBY5:00611:00859	1	0.0211238	6
2TBY5:00610:02354	1	0.0211238	6
2TBY5:00610:01836	1	0.0211238	6
2TBY5:00610:01223	1	0.0211238	6
2TBY5:00609:02922	1	0.0211238	6
2TBY5:00607:02855	1	0.0211238	6
2TBY5:00607:01566	1	0.0211238	6
2TBY5:00604:02635	1	0.0211238	6
2TBY5:00603:01135	1	0.0211238	6
2TBY5:00603:00958	1	0.0211238	6
2TBY5:00602:01021	1	0.0211238	6
2TBY5:00600:02313	1	0.0211238	6
2TBY5:00599:01335	1	0.0211238	6
2TBY5:00596:02435	1	0.0211238	6
2TBY5:00596:02327	1	0.0211238	6
2TBY5:00596:01910	1	0.0211238	6
2TBY5:00596:01524	1	0.0211238	6
2TBY5:00595:02620	1	0.0211238	6
2TBY5:00593:01405	1	0.0211238	6
2TBY5:00592:01929	1	0.0211238	6
2TBY5:00591:02854	1	0.0211238	6
2TBY5:00590:03068	1	0.0211238	6
2TBY5:00589:00882	1	0.0211238	6
2TBY5:00587:02235	1	0.0211238	6
2TBY5:00587:02089	1	0.0211238	6
2TBY5:00586:02524	1	0.0211238	6
2TBY5:00586:01809	1	0.0211238	6
2TBY5:00586:01478	1	0.0211238	6
2TBY5:00586:01215	1	0.0211238	6
2TBY5:00586:00893	1	0.0211238	6
2TBY5:00584:01418	1	0.0211238	6
2TBY5:00582:01463	1	0.0211238	6
2TBY5:00581:03107	1	0.0211238	6
2TBY5:00579:02684	1	0.0211238	6
2TBY5:00579:01303	1	0.0211238	6
2TBY5:00578:01342	1	0.0211238	6
2TBY5:00577:02662	1	0.0211238	6
2TBY5:00577:01561	1	0.0211238	6
2TBY5:00576:02579	1	0.0211238	6
2TBY5:00575:02327	1	0.0211238	6
2TBY5:00574:02833	1	0.0211238	6
2TBY5:00570:01817	1	0.0211238	6
2TBY5:00570:01226	1	0.0211238	6
2TBY5:00569:01350	1	0.0211238	6
2TBY5:00568:02124	1	0.0211238	6
2TBY5:00568:01902	1	0.0211238	6
2TBY5:00567:01697	1	0.0211238	6
2TBY5:00567:01026	1	0.0211238	6
2TBY5:00563:01492	1	0.0211238	6
2TBY5:00562:02032	1	0.0211238	6
2TBY5:00562:00827	1	0.0211238	6
2TBY5:00559:03005	1	0.0211238	6
2TBY5:00559:02686	1	0.0211238	6
2TBY5:00559:02383	1	0.0211238	6
2TBY5:00557:01928	1	0.0211238	6
2TBY5:00557:01031	1	0.0211238	6
2TBY5:00556:02460	1	0.0211238	6
2TBY5:00555:01845	1	0.0211238	6
2TBY5:00554:01248	1	0.0211238	6
2TBY5:00554:00882	1	0.0211238	6
2TBY5:00552:02790	1	0.0211238	6
2TBY5:00551:02873	1	0.0211238	6
2TBY5:00550:01918	1	0.0211238	6
2TBY5:00549:02325	1	0.0211238	6
2TBY5:00549:01385	1	0.0211238	6
2TBY5:00548:02702	1	0.0211238	6
2TBY5:00547:03005	1	0.0211238	6
2TBY5:00546:02447	1	0.0211238	6
2TBY5:00545:02406	1	0.0211238	6
2TBY5:00544:02893	1	0.0211238	6
2TBY5:00543:02532	1	0.0211238	6
2TBY5:00542:02505	1	0.0211238	6
2TBY5:00542:02015	1	0.0211238	6
2TBY5:00542:01997	1	0.0211238	6
2TBY5:00540:00909	1	0.0211238	6
2TBY5:00539:02131	1	0.0211238	6
2TBY5:00538:02223	1	0.0211238	6
2TBY5:00537:02902	1	0.0211238	6
2TBY5:00536:02855	1	0.0211238	6
2TBY5:00536:01594	1	0.0211238	6
2TBY5:00536:01579	1	0.0211238	6
2TBY5:00535:00906	1	0.0211238	6
2TBY5:00534:03085	1	0.0211238	6
2TBY5:00534:01591	1	0.0211238	6
2TBY5:00532:02633	1	0.0211238	6
2TBY5:00532:02284	1	0.0211238	6
2TBY5:00531:02768	1	0.0211238	6
2TBY5:00530:01675	1	0.0211238	6
2TBY5:00529:02240	1	0.0211238	6
2TBY5:00527:02726	1	0.0211238	6
2TBY5:00525:01098	1	0.0211238	6
2TBY5:00523:02251	1	0.0211238	6
2TBY5:00523:01120	1	0.0211238	6
2TBY5:00523:00951	1	0.0211238	6
2TBY5:00522:02053	1	0.0211238	6
2TBY5:00521:02505	1	0.0211238	6
2TBY5:00521:02180	1	0.0211238	6
2TBY5:00520:02132	1	0.0211238	6
2TBY5:00519:01176	1	0.0211238	6
2TBY5:00518:02883	1	0.0211238	6
2TBY5:00518:01734	1	0.0211238	6
2TBY5:00517:01451	1	0.0211238	6
2TBY5:00509:02362	1	0.0211238	6
2TBY5:00508:01260	1	0.0211238	6
2TBY5:00507:02700	1	0.0211238	6
2TBY5:00507:01552	1	0.0211238	6
2TBY5:00505:01713	1	0.0211238	6
2TBY5:00504:01288	1	0.0211238	6
2TBY5:00502:02720	1	0.0211238	6
2TBY5:00501:02632	1	0.0211238	6
2TBY5:00501:01641	1	0.0211238	6
2TBY5:00500:01442	1	0.0211238	6
2TBY5:00500:01084	1	0.0211238	6
2TBY5:00494:01966	1	0.0211238	6
2TBY5:00493:02819	1	0.0211238	6
2TBY5:00493:02782	1	0.0211238	6
2TBY5:00493:02735	1	0.0211238	6
2TBY5:00492:02840	1	0.0211238	6
2TBY5:00492:02618	1	0.0211238	6
2TBY5:00492:02365	1	0.0211238	6
2TBY5:00492:02144	1	0.0211238	6
2TBY5:00491:01479	1	0.0211238	6
2TBY5:00491:00871	1	0.0211238	6
2TBY5:00491:00815	1	0.0211238	6
2TBY5:00490:02534	1	0.0211238	6
2TBY5:00490:02517	1	0.0211238	6
2TBY5:00487:02884	1	0.0211238	6
2TBY5:00487:02712	1	0.0211238	6
2TBY5:00486:00825	1	0.0211238	6
2TBY5:00484:02855	1	0.0211238	6
2TBY5:00484:00922	1	0.0211238	6
2TBY5:00483:02361	1	0.0211238	6
2TBY5:00482:01015	1	0.0211238	6
2TBY5:00481:01317	1	0.0211238	6
2TBY5:00480:01370	1	0.0211238	6
2TBY5:00479:01460	1	0.0211238	6
2TBY5:00478:01904	1	0.0211238	6
2TBY5:00478:01260	1	0.0211238	6
2TBY5:00477:01241	1	0.0211238	6
2TBY5:00473:02251	1	0.0211238	6
2TBY5:00473:01431	1	0.0211238	6
2TBY5:00469:02737	1	0.0211238	6
2TBY5:00469:02313	1	0.0211238	6
2TBY5:00468:01559	1	0.0211238	6
2TBY5:00468:00958	1	0.0211238	6
2TBY5:00467:01192	1	0.0211238	6
2TBY5:00465:01000	1	0.0211238	6
2TBY5:00463:02030	1	0.0211238	6
2TBY5:00462:02132	1	0.0211238	6
2TBY5:00461:01885	1	0.0211238	6
2TBY5:00459:01283	1	0.0211238	6
2TBY5:00459:01235	1	0.0211238	6
2TBY5:00458:02131	1	0.0211238	6
2TBY5:00455:02279	1	0.0211238	6
2TBY5:00453:02442	1	0.0211238	6
2TBY5:00453:02052	1	0.0211238	6
2TBY5:00453:01300	1	0.0211238	6
2TBY5:00450:02553	1	0.0211238	6
2TBY5:00450:01246	1	0.0211238	6
2TBY5:00449:02952	1	0.0211238	6
2TBY5:00448:02656	1	0.0211238	6
2TBY5:00448:01701	1	0.0211238	6
2TBY5:00448:01489	1	0.0211238	6
2TBY5:00447:00838	1	0.0211238	6
2TBY5:00443:02123	1	0.0211238	6
2TBY5:00442:02867	1	0.0211238	6
2TBY5:00442:01847	1	0.0211238	6
2TBY5:00441:01325	1	0.0211238	6
2TBY5:00439:02250	1	0.0211238	6
2TBY5:00438:01375	1	0.0211238	6
2TBY5:00436:02558	1	0.0211238	6
2TBY5:00431:01671	1	0.0211238	6
2TBY5:00431:01195	1	0.0211238	6
2TBY5:00430:00802	1	0.0211238	6
2TBY5:00429:02831	1	0.0211238	6
2TBY5:00429:01078	1	0.0211238	6
2TBY5:00428:01743	1	0.0211238	6
2TBY5:00426:02493	1	0.0211238	6
2TBY5:00424:02529	1	0.0211238	6
2TBY5:00424:01054	1	0.0211238	6
2TBY5:00423:02562	1	0.0211238	6
2TBY5:00421:01205	1	0.0211238	6
2TBY5:00419:00771	1	0.0211238	6
2TBY5:00417:02745	1	0.0211238	6
2TBY5:00413:02028	1	0.0211238	6
2TBY5:00411:01007	1	0.0211238	6
2TBY5:00410:01155	1	0.0211238	6
2TBY5:00409:01735	1	0.0211238	6
2TBY5:00406:02386	1	0.0211238	6
2TBY5:00406:01660	1	0.0211238	6
2TBY5:00406:01570	1	0.0211238	6
2TBY5:00406:01516	1	0.0211238	6
2TBY5:00406:01081	1	0.0211238	6
2TBY5:00404:02841	1	0.0211238	6
2TBY5:00402:01423	1	0.0211238	6
2TBY5:00401:01224	1	0.0211238	6
2TBY5:00400:01568	1	0.0211238	6
2TBY5:00399:02698	1	0.0211238	6
2TBY5:00399:01128	1	0.0211238	6
2TBY5:00398:01272	1	0.0211238	6
2TBY5:00397:01056	1	0.0211238	6
2TBY5:00396:02489	1	0.0211238	6
2TBY5:00395:02888	1	0.0211238	6
2TBY5:00395:00889	1	0.0211238	6
2TBY5:00394:02909	1	0.0211238	6
2TBY5:00394:01166	1	0.0211238	6
2TBY5:00393:01121	1	0.0211238	6
2TBY5:00391:00930	1	0.0211238	6
2TBY5:00389:02525	1	0.0211238	6
2TBY5:00389:02425	1	0.0211238	6
2TBY5:00388:02023	1	0.0211238	6
2TBY5:00386:02813	1	0.0211238	6
2TBY5:00386:02663	1	0.0211238	6
2TBY5:00384:02069	1	0.0211238	6
2TBY5:00384:01988	1	0.0211238	6
2TBY5:00382:02376	1	0.0211238	6
2TBY5:00379:02409	1	0.0211238	6
2TBY5:00378:02023	1	0.0211238	6
2TBY5:00377:00789	1	0.0211238	6
2TBY5:00374:01186	1	0.0211238	6
2TBY5:00372:01772	1	0.0211238	6
2TBY5:00368:01145	1	0.0211238	6
2TBY5:00366:02759	1	0.0211238	6
2TBY5:00364:02303	1	0.0211238	6
2TBY5:00360:02445	1	0.0211238	6
2TBY5:00359:02082	1	0.0211238	6
2TBY5:00358:00752	1	0.0211238	6
2TBY5:00357:02096	1	0.0211238	6
2TBY5:00357:01643	1	0.0211238	6
2TBY5:00356:01962	1	0.0211238	6
2TBY5:00355:02887	1	0.0211238	6
2TBY5:00354:00822	1	0.0211238	6
2TBY5:00348:01439	1	0.0211238	6
2TBY5:00347:01739	1	0.0211238	6
2TBY5:00347:01067	1	0.0211238	6
2TBY5:00346:01488	1	0.0211238	6
2TBY5:00345:01934	1	0.0211238	6
2TBY5:00344:02450	1	0.0211238	6
2TBY5:00343:02669	1	0.0211238	6
2TBY5:00343:02325	1	0.0211238	6
2TBY5:00343:01795	1	0.0211238	6
2TBY5:00343:01661	1	0.0211238	6
2TBY5:00342:02240	1	0.0211238	6
2TBY5:00341:02231	1	0.0211238	6
2TBY5:00341:01919	1	0.0211238	6
2TBY5:00340:02235	1	0.0211238	6
2TBY5:00339:02440	1	0.0211238	6
2TBY5:00336:01873	1	0.0211238	6
2TBY5:00336:01390	1	0.0211238	6
2TBY5:00336:01239	1	0.0211238	6
2TBY5:00335:01689	1	0.0211238	6
2TBY5:00334:02654	1	0.0211238	6
2TBY5:00334:00685	1	0.0211238	6
2TBY5:00333:02543	1	0.0211238	6
2TBY5:00333:00762	1	0.0211238	6
2TBY5:00332:02694	1	0.0211238	6
2TBY5:00332:01825	1	0.0211238	6
2TBY5:00331:02480	1	0.0211238	6
2TBY5:00330:02119	1	0.0211238	6
2TBY5:00330:00756	1	0.0211238	6
2TBY5:00329:02848	1	0.0211238	6
2TBY5:00329:02771	1	0.0211238	6
2TBY5:00329:00656	1	0.0211238	6
2TBY5:00328:02478	1	0.0211238	6
2TBY5:00327:02344	1	0.0211238	6
2TBY5:00323:02140	1	0.0211238	6
2TBY5:00323:00797	1	0.0211238	6
2TBY5:00322:01995	1	0.0211238	6
2TBY5:00322:01987	1	0.0211238	6
2TBY5:00319:01568	1	0.0211238	6
2TBY5:00318:02793	1	0.0211238	6
2TBY5:00318:01724	1	0.0211238	6
2TBY5:00318:01441	1	0.0211238	6
2TBY5:00316:02708	1	0.0211238	6
2TBY5:00316:02256	1	0.0211238	6
2TBY5:00316:01679	1	0.0211238	6
2TBY5:00314:02205	1	0.0211238	6
2TBY5:00310:01083	1	0.0211238	6
2TBY5:00308:01441	1	0.0211238	6
2TBY5:00308:01136	1	0.0211238	6
2TBY5:00305:02297	1	0.0211238	6
2TBY5:00304:02121	1	0.0211238	6
2TBY5:00304:01254	1	0.0211238	6
2TBY5:00303:02565	1	0.0211238	6
2TBY5:00303:01190	1	0.0211238	6
2TBY5:00298:01079	1	0.0211238	6
2TBY5:00297:02583	1	0.0211238	6
2TBY5:00296:01722	1	0.0211238	6
2TBY5:00295:01140	1	0.0211238	6
2TBY5:00295:01118	1	0.0211238	6
2TBY5:00293:02607	1	0.0211238	6
2TBY5:00293:01469	1	0.0211238	6
2TBY5:00292:01479	1	0.0211238	6
2TBY5:00288:02545	1	0.0211238	6
2TBY5:00288:01039	1	0.0211238	6
2TBY5:00287:01429	1	0.0211238	6
2TBY5:00287:01379	1	0.0211238	6
2TBY5:00282:02229	1	0.0211238	6
2TBY5:00282:01013	1	0.0211238	6
2TBY5:00281:02573	1	0.0211238	6
2TBY5:00281:00667	1	0.0211238	6
2TBY5:00279:02455	1	0.0211238	6
2TBY5:00278:01227	1	0.0211238	6
2TBY5:00277:02255	1	0.0211238	6
2TBY5:00277:01055	1	0.0211238	6
2TBY5:00276:01813	1	0.0211238	6
2TBY5:00273:02601	1	0.0211238	6
2TBY5:00273:02525	1	0.0211238	6
2TBY5:00271:01478	1	0.0211238	6
2TBY5:00270:01193	1	0.0211238	6
2TBY5:00269:01994	1	0.0211238	6
2TBY5:00267:01958	1	0.0211238	6
2TBY5:00266:01144	1	0.0211238	6
2TBY5:00265:01860	1	0.0211238	6
2TBY5:00265:01510	1	0.0211238	6
2TBY5:00265:01344	1	0.0211238	6
2TBY5:00264:01491	1	0.0211238	6
2TBY5:00261:02638	1	0.0211238	6
2TBY5:00257:02792	1	0.0211238	6
2TBY5:00256:01359	1	0.0211238	6
2TBY5:00255:01989	1	0.0211238	6
2TBY5:00254:02285	1	0.0211238	6
2TBY5:00249:01713	1	0.0211238	6
2TBY5:00249:00628	1	0.0211238	6
2TBY5:00248:01813	1	0.0211238	6
2TBY5:00248:01398	1	0.0211238	6
2TBY5:00247:02781	1	0.0211238	6
2TBY5:00246:00943	1	0.0211238	6
2TBY5:00243:02017	1	0.0211238	6
2TBY5:00235:00717	1	0.0211238	6
2TBY5:00234:02679	1	0.0211238	6
2TBY5:00233:02356	1	0.0211238	6
2TBY5:00233:02207	1	0.0211238	6
2TBY5:00229:02363	1	0.0211238	6
2TBY5:00228:01328	1	0.0211238	6
2TBY5:00227:02567	1	0.0211238	6
2TBY5:00226:02402	1	0.0211238	6
2TBY5:00225:01105	1	0.0211238	6
2TBY5:00225:00608	1	0.0211238	6
2TBY5:00224:01902	1	0.0211238	6
2TBY5:00223:02508	1	0.0211238	6
2TBY5:00222:02019	1	0.0211238	6
2TBY5:00221:01331	1	0.0211238	6
2TBY5:00221:00641	1	0.0211238	6
2TBY5:00220:02446	1	0.0211238	6
2TBY5:00220:01227	1	0.0211238	6
2TBY5:00220:01096	1	0.0211238	6
2TBY5:00220:00687	1	0.0211238	6
2TBY5:00219:00530	1	0.0211238	6
2TBY5:00217:02432	1	0.0211238	6
2TBY5:00216:02083	1	0.0211238	6
2TBY5:00215:01570	1	0.0211238	6
2TBY5:00213:01015	1	0.0211238	6
2TBY5:00212:00657	1	0.0211238	6
2TBY5:00211:01385	1	0.0211238	6
2TBY5:00210:01810	1	0.0211238	6
2TBY5:00209:02464	1	0.0211238	6
2TBY5:00207:02482	1	0.0211238	6
2TBY5:00207:02435	1	0.0211238	6
2TBY5:00205:01999	1	0.0211238	6
2TBY5:00205:01845	1	0.0211238	6
2TBY5:00203:02551	1	0.0211238	6
2TBY5:00202:02268	1	0.0211238	6
2TBY5:00202:02242	1	0.0211238	6
2TBY5:00201:01892	1	0.0211238	6
2TBY5:00200:02586	1	0.0211238	6
2TBY5:00200:01410	1	0.0211238	6
2TBY5:00199:01394	1	0.0211238	6
2TBY5:00199:00946	1	0.0211238	6
2TBY5:00197:02228	1	0.0211238	6
2TBY5:00197:01411	1	0.0211238	6
2TBY5:00196:01145	1	0.0211238	6
2TBY5:00194:01650	1	0.0211238	6
2TBY5:00194:01381	1	0.0211238	6
2TBY5:00193:01506	1	0.0211238	6
2TBY5:00190:01139	1	0.0211238	6
2TBY5:00190:00651	1	0.0211238	6
2TBY5:00187:02655	1	0.0211238	6
2TBY5:00185:02485	1	0.0211238	6
2TBY5:00182:02048	1	0.0211238	6
2TBY5:00180:01062	1	0.0211238	6
2TBY5:00177:02267	1	0.0211238	6
2TBY5:00177:00855	1	0.0211238	6
2TBY5:00177:00851	1	0.0211238	6
2TBY5:00176:02184	1	0.0211238	6
2TBY5:00172:01459	1	0.0211238	6
2TBY5:00171:02415	1	0.0211238	6
2TBY5:00169:02204	1	0.0211238	6
2TBY5:00169:01500	1	0.0211238	6
2TBY5:00169:01082	1	0.0211238	6
2TBY5:00167:02406	1	0.0211238	6
2TBY5:00167:01729	1	0.0211238	6
2TBY5:00166:01630	1	0.0211238	6
2TBY5:00166:01493	1	0.0211238	6
2TBY5:00166:01259	1	0.0211238	6
2TBY5:00165:01835	1	0.0211238	6
2TBY5:00165:00555	1	0.0211238	6
2TBY5:00164:02452	1	0.0211238	6
2TBY5:00164:02271	1	0.0211238	6
2TBY5:00164:02198	1	0.0211238	6
2TBY5:00164:01651	1	0.0211238	6
2TBY5:00162:01210	1	0.0211238	6
2TBY5:00162:00562	1	0.0211238	6
2TBY5:00159:02031	1	0.0211238	6
2TBY5:00155:02356	1	0.0211238	6
2TBY5:00155:01295	1	0.0211238	6
2TBY5:00154:02385	1	0.0211238	6
2TBY5:00154:00765	1	0.0211238	6
2TBY5:00153:01361	1	0.0211238	6
2TBY5:00153:01310	1	0.0211238	6
2TBY5:00152:02308	1	0.0211238	6
2TBY5:00152:00672	1	0.0211238	6
2TBY5:00151:01284	1	0.0211238	6
2TBY5:00150:01446	1	0.0211238	6
2TBY5:00148:01180	1	0.0211238	6
2TBY5:00146:02334	1	0.0211238	6
2TBY5:00145:02221	1	0.0211238	6
2TBY5:00145:00943	1	0.0211238	6
2TBY5:00145:00684	1	0.0211238	6
2TBY5:00142:01921	1	0.0211238	6
2TBY5:00142:01486	1	0.0211238	6
2TBY5:00141:02269	1	0.0211238	6
2TBY5:00140:02095	1	0.0211238	6
2TBY5:00140:01377	1	0.0211238	6
2TBY5:00139:00609	1	0.0211238	6
2TBY5:00130:01856	1	0.0211238	6
2TBY5:00128:02557	1	0.0211238	6
2TBY5:00127:01307	1	0.0211238	6
2TBY5:00127:00954	1	0.0211238	6
2TBY5:00126:01169	1	0.0211238	6
2TBY5:00125:02039	1	0.0211238	6
2TBY5:00121:00575	1	0.0211238	6
2TBY5:00120:01308	1	0.0211238	6
2TBY5:00119:01196	1	0.0211238	6
2TBY5:00113:02034	1	0.0211238	6
2TBY5:00113:01911	1	0.0211238	6
2TBY5:00112:01668	1	0.0211238	6
2TBY5:00112:01220	1	0.0211238	6
2TBY5:00107:00631	1	0.0211238	6
2TBY5:00106:02278	1	0.0211238	6
2TBY5:00106:02209	1	0.0211238	6
2TBY5:00106:01813	1	0.0211238	6
2TBY5:00103:02427	1	0.0211238	6
2TBY5:00103:02168	1	0.0211238	6
2TBY5:00103:01898	1	0.0211238	6
2TBY5:00103:01166	1	0.0211238	6
2TBY5:00101:01224	1	0.0211238	6
2TBY5:00101:00604	1	0.0211238	6
2TBY5:00100:00937	1	0.0211238	6
2TBY5:00096:01517	1	0.0211238	6
2TBY5:00095:01800	1	0.0211238	6
2TBY5:00095:00794	1	0.0211238	6
2TBY5:00092:01973	1	0.0211238	6
2TBY5:00092:01870	1	0.0211238	6
2TBY5:00092:01618	1	0.0211238	6
2TBY5:00090:02021	1	0.0211238	6
2TBY5:00090:01586	1	0.0211238	6
2TBY5:00089:00953	1	0.0211238	6
2TBY5:00088:01723	1	0.0211238	6
2TBY5:00087:01939	1	0.0211238	6
2TBY5:00081:01656	1	0.0211238	6
2TBY5:00078:00879	1	0.0211238	6
2TBY5:00077:01665	1	0.0211238	6
2TBY5:00077:00899	1	0.0211238	6
2TBY5:00075:02406	1	0.0211238	6
2TBY5:00075:01167	1	0.0211238	6
2TBY5:00069:02271	1	0.0211238	6
2TBY5:00069:00909	1	0.0211238	6
2TBY5:00067:00565	1	0.0211238	6
2TBY5:00066:01631	1	0.0211238	6
2TBY5:00063:00577	1	0.0211238	6
2TBY5:00062:02134	1	0.0211238	6
2TBY5:00061:00570	1	0.0211238	6
2TBY5:00055:01312	1	0.0211238	6
2TBY5:00054:01567	1	0.0211238	6
2TBY5:00053:01305	1	0.0211238	6
2TBY5:00053:00992	1	0.0211238	6
2TBY5:00052:00880	1	0.0211238	6
2TBY5:00049:00865	1	0.0211238	6
2TBY5:00048:01201	1	0.0211238	6
2TBY5:00048:00692	1	0.0211238	6
2TBY5:00046:00596	1	0.0211238	6
2TBY5:00046:00487	1	0.0211238	6
2TBY5:00045:00599	1	0.0211238	6
2TBY5:00044:00880	1	0.0211238	6
2TBY5:00042:01872	1	0.0211238	6
2TBY5:00042:01714	1	0.0211238	6
2TBY5:00042:01150	1	0.0211238	6
2TBY5:00041:01155	1	0.0211238	6
2TBY5:00039:01280	1	0.0211238	6
2TBY5:00039:00641	1	0.0211238	6
2TBY5:00037:00979	1	0.0211238	6
2TBY5:00035:01294	1	0.0211238	6
2TBY5:00034:01235	1	0.0211238	6
2TBY5:00034:00490	1	0.0211238	6
2TBY5:00032:01978	1	0.0211238	6
2TBY5:00031:01505	1	0.0211238	6
2TBY5:00031:00945	1	0.0211238	6
2TBY5:00030:00700	1	0.0211238	6
2TBY5:00028:01688	1	0.0211238	6
2TBY5:00028:01655	1	0.0211238	6
2TBY5:00026:01561	1	0.0211238	6
2TBY5:00026:00826	1	0.0211238	6
2TBY5:00024:00973	1	0.0211238	6
2TBY5:00023:00807	1	0.0211238	6
2TBY5:00021:00973	1	0.0211238	6
2TBY5:00021:00682	1	0.0211238	6
2TBY5:00020:01957	1	0.0211238	6
2TBY5:00019:01431	1	0.0211238	6
2TBY5:00014:01574	1	0.0211238	6
2TBY5:00012:01550	1	0.0211238	6
2TBY5:00012:01308	1	0.0211238	6
2TBY5:00012:01089	1	0.0211238	6
2TBY5:00011:00503	1	0.0211238	6
2TBY5:00008:01226	1	0.0211238	6
2TBY5:00004:01430	1	0.0211238	6
