2TBY5:00170:00936	5	0.105619	3
2TBY5:01678:02657	2	0.0422476	3
2TBY5:01184:01613	2	0.0422476	3
2TBY5:00929:03259	2	0.0422476	3
2TBY5:00449:02267	2	0.0422476	3
2TBY5:00289:02516	2	0.0422476	3
2TBY5:01907:03000	1	0.0211238	3
2TBY5:01754:01226	1	0.0211238	3
2TBY5:01727:02820	1	0.0211238	3
2TBY5:01698:02496	1	0.0211238	3
2TBY5:01142:03084	1	0.0211238	3
2TBY5:01100:02923	1	0.0211238	3
2TBY5:01046:01014	1	0.0211238	3
2TBY5:01043:03130	1	0.0211238	3
2TBY5:00738:00985	1	0.0211238	3
2TBY5:00714:02804	1	0.0211238	3
2TBY5:00673:02262	1	0.0211238	3
2TBY5:00631:02869	1	0.0211238	3
2TBY5:00438:01336	1	0.0211238	3
2TBY5:00339:01254	1	0.0211238	3
2TBY5:00304:01473	1	0.0211238	3
2TBY5:00289:00768	1	0.0211238	3
2TBY5:00151:01819	1	0.0211238	3
2TBY5:00068:00677	1	0.0211238	3
