SPIKE:24	245	5.17533	1
SPIKE:310	25	0.528095	1
SPIKE:269	22	0.464723	1
SPIKE:335	21	0.443599	1
SPIKE:1	11	0.232362	1
SPIKE:8	7	0.147866	1
SPIKE:367	5	0.105619	1
SPIKE:284	3	0.0633714	1
SPIKE:357	2	0.0422476	1
SPIKE:353	2	0.0422476	1
SPIKE:366	1	0.0211238	1
SPIKE:363	1	0.0211238	1
SPIKE:362	1	0.0211238	1
SPIKE:361	1	0.0211238	1
SPIKE:356	1	0.0211238	1
SPIKE:352	1	0.0211238	1
SPIKE:351	1	0.0211238	1
SPIKE:309	1	0.0211238	1
SPIKE:307	1	0.0211238	1
SPIKE:306	1	0.0211238	1
SPIKE:305	1	0.0211238	1
SPIKE:304	1	0.0211238	1
SPIKE:303	1	0.0211238	1
SPIKE:302	1	0.0211238	1
SPIKE:299	1	0.0211238	1
SPIKE:298	1	0.0211238	1
SPIKE:295	1	0.0211238	1
SPIKE:287	1	0.0211238	1
SPIKE:286	1	0.0211238	1
SPIKE:285	1	0.0211238	1
SPIKE:283	1	0.0211238	1
SPIKE:282	1	0.0211238	1
SPIKE:281	1	0.0211238	1
SPIKE:23	1	0.0211238	1
SPIKE:22	1	0.0211238	1
SPIKE:21	1	0.0211238	1
SPIKE:20	1	0.0211238	1
SPIKE:19	1	0.0211238	1
