2TBY5:00451:02883	4	0.0844951	4
2TBY5:00766:02348	3	0.0633714	4
2TBY5:01931:01943	2	0.0422476	4
2TBY5:01725:00728	2	0.0422476	4
2TBY5:01602:03057	2	0.0422476	4
2TBY5:01372:02302	2	0.0422476	4
2TBY5:01011:02776	2	0.0422476	4
2TBY5:00959:03264	2	0.0422476	4
2TBY5:00932:02773	2	0.0422476	4
2TBY5:00675:01121	2	0.0422476	4
2TBY5:00600:01966	2	0.0422476	4
2TBY5:00554:01313	2	0.0422476	4
2TBY5:00476:02013	2	0.0422476	4
2TBY5:00254:00895	2	0.0422476	4
2TBY5:00192:02673	2	0.0422476	4
2TBY5:02079:01495	1	0.0211238	4
2TBY5:02065:01611	1	0.0211238	4
2TBY5:02019:03152	1	0.0211238	4
2TBY5:01999:02374	1	0.0211238	4
2TBY5:01939:03372	1	0.0211238	4
2TBY5:01930:02104	1	0.0211238	4
2TBY5:01870:03063	1	0.0211238	4
2TBY5:01829:03095	1	0.0211238	4
2TBY5:01826:00898	1	0.0211238	4
2TBY5:01821:03244	1	0.0211238	4
2TBY5:01788:02807	1	0.0211238	4
2TBY5:01775:02848	1	0.0211238	4
2TBY5:01707:01495	1	0.0211238	4
2TBY5:01697:03219	1	0.0211238	4
2TBY5:01636:01851	1	0.0211238	4
2TBY5:01549:02520	1	0.0211238	4
2TBY5:01545:02034	1	0.0211238	4
2TBY5:01542:01904	1	0.0211238	4
2TBY5:01531:03007	1	0.0211238	4
2TBY5:01522:03145	1	0.0211238	4
2TBY5:01521:03102	1	0.0211238	4
2TBY5:01462:02722	1	0.0211238	4
2TBY5:01416:01911	1	0.0211238	4
2TBY5:01376:02336	1	0.0211238	4
2TBY5:01354:01440	1	0.0211238	4
2TBY5:01324:02557	1	0.0211238	4
2TBY5:01291:02513	1	0.0211238	4
2TBY5:01264:03001	1	0.0211238	4
2TBY5:01258:01847	1	0.0211238	4
2TBY5:01221:01153	1	0.0211238	4
2TBY5:01215:02772	1	0.0211238	4
2TBY5:01208:02433	1	0.0211238	4
2TBY5:01202:02823	1	0.0211238	4
2TBY5:01182:02270	1	0.0211238	4
2TBY5:01133:01122	1	0.0211238	4
2TBY5:01129:02492	1	0.0211238	4
2TBY5:01124:03008	1	0.0211238	4
2TBY5:01079:01050	1	0.0211238	4
2TBY5:01074:02789	1	0.0211238	4
2TBY5:01058:02849	1	0.0211238	4
2TBY5:01048:01306	1	0.0211238	4
2TBY5:00997:02482	1	0.0211238	4
2TBY5:00923:02866	1	0.0211238	4
2TBY5:00907:02438	1	0.0211238	4
2TBY5:00877:01712	1	0.0211238	4
2TBY5:00873:02190	1	0.0211238	4
2TBY5:00792:01368	1	0.0211238	4
2TBY5:00783:01778	1	0.0211238	4
2TBY5:00760:01005	1	0.0211238	4
2TBY5:00706:01010	1	0.0211238	4
2TBY5:00687:00921	1	0.0211238	4
2TBY5:00673:01626	1	0.0211238	4
2TBY5:00652:01767	1	0.0211238	4
2TBY5:00643:00982	1	0.0211238	4
2TBY5:00633:00969	1	0.0211238	4
2TBY5:00624:02735	1	0.0211238	4
2TBY5:00567:02887	1	0.0211238	4
2TBY5:00546:02827	1	0.0211238	4
2TBY5:00539:02835	1	0.0211238	4
2TBY5:00498:02995	1	0.0211238	4
2TBY5:00497:01116	1	0.0211238	4
2TBY5:00477:01266	1	0.0211238	4
2TBY5:00475:01289	1	0.0211238	4
2TBY5:00474:02632	1	0.0211238	4
2TBY5:00449:01063	1	0.0211238	4
2TBY5:00436:01110	1	0.0211238	4
2TBY5:00422:02770	1	0.0211238	4
2TBY5:00390:01255	1	0.0211238	4
2TBY5:00300:02599	1	0.0211238	4
2TBY5:00286:02623	1	0.0211238	4
2TBY5:00285:01121	1	0.0211238	4
2TBY5:00269:02017	1	0.0211238	4
2TBY5:00207:02002	1	0.0211238	4
2TBY5:00142:00748	1	0.0211238	4
2TBY5:00119:01021	1	0.0211238	4
2TBY5:00116:02016	1	0.0211238	4
2TBY5:00031:01971	1	0.0211238	4
2TBY5:00023:02138	1	0.0211238	4
2TBY5:00023:01858	1	0.0211238	4
